size,time_seconds
2,1.7e-07
3,9e-08
4,9e-08
5,6e-08
6,7e-08
7,7e-08
8,6e-08
9,5e-08
10,6e-08
11,1.4e-07
12,1.5e-07
13,6e-08
14,7e-08
15,6.9e-08
16,7e-08
17,4.4e-07
18,1.8e-07
19,3.9e-07
20,1.9e-07
21,1.1e-07
22,2.9e-07
23,1.3e-07
24,1.4e-07
25,2.3e-07
26,3.8e-07
27,1.7e-07
28,1.8e-07
29,4e-07
30,2e-07
31,2.1e-07
32,3.8e-07
33,2.5e-07
34,6.4e-07
35,4e-07
36,2.8e-07
37,5.2e-07
38,6.4e-07
39,5.2e-07
40,4.7e-07
41,7.8e-07
42,5.3e-07
43,6.6e-07
44,5.7e-07
45,6.2e-07
46,6.1e-07
47,7.5e-07
48,8e-07
49,9.7e-07
50,6.9e-07
51,8.7e-07
52,8.6e-07
53,8.4e-07
54,1.11e-06
55,8.9e-07
56,1e-06
57,1.02e-06
58,1.1e-06
59,1.33e-06
60,1.53e-06
61,1.24e-06
62,1.16e-06
63,1.34e-06
64,1.29e-06
65,1.36e-06
66,1.67e-06
67,1.37e-06
68,1.45e-06
69,1.49e-06
70,1.48e-06
71,1.57e-06
72,1.73e-06
73,1.56e-06
74,1.68e-06
75,1.91e-06
76,1.86e-06
77,1.95e-06
78,1.94e-06
79,1.9e-06
80,1.83e-06
81,1.91e-06
82,2.23e-06
83,2.01e-06
84,2.22e-06
85,2.16e-06
86,2.11e-06
87,2.47e-06
88,2.3e-06
89,2.35e-06
90,2.28e-06
91,2.63e-06
92,2.47e-06
93,2.47e-06
94,2.51e-06
95,2.81e-06
96,2.67e-06
97,2.95e-06
98,2.73e-06
99,2.73e-06
100,2.82e-06
101,3.14e-06
102,2.92e-06
103,3.11e-06
104,3.03e-06
105,3.38e-06
106,3.1e-06
107,3.16e-06
108,3.29e-06
109,3.3e-06
110,3.29e-06
111,3.48e-06
112,3.47e-06
113,3.51e-06
114,3.49e-06
115,3.63e-06
116,3.74e-06
117,3.72e-06
118,3.81e-06
119,3.9e-06
120,4.03e-06
121,3.93e-06
122,4.07e-06
123,4.2e-06
124,4.48e-06
125,4.53e-06
126,5.35e-06
127,4.44e-06
128,4.62e-06
129,4.62e-06
130,5.81e-06
131,4.75e-06
132,4.849e-06
133,4.7e-06
134,4.86e-06
135,4.9e-06
136,5.03e-06
137,4.97e-06
138,5.09e-06
139,5.26e-06
140,5.26e-06
141,5.269e-06
142,5.67e-06
143,5.46e-06
144,5.62e-06
145,5.75e-06
146,5.61e-06
147,5.99e-06
148,5.84e-06
149,5.85e-06
150,5.88e-06
151,6.34e-06
152,6.29e-06
153,6.249e-06
154,1.298e-05
155,8.6e-06
156,7.6e-06
157,8.67e-06
158,8.7e-06
159,9.1e-06
160,8.97e-06
161,9.11e-06
162,1.32e-05
163,9.24e-06
164,8.27e-06
165,9.609e-06
166,9.73e-06
167,9.78e-06
168,9.71e-06
169,9.81e-06
170,9.95e-06
171,9.97e-06
172,1.139e-05
173,1.02e-05
174,1.065e-05
175,1.038e-05
176,1.051e-05
177,1.0659e-05
178,1.353e-05
179,1.083e-05
180,1.268e-05
181,1.15e-05
182,1.117e-05
183,1.15e-05
184,1.142e-05
185,1.197e-05
186,1.251e-05
187,1.195e-05
188,1.375e-05
189,1.23e-05
190,1.276e-05
191,1.28e-05
192,1.427e-05
193,1.229e-05
194,1.3019e-05
195,1.335e-05
196,1.384e-05
197,1.266e-05
198,1.377e-05
199,1.356e-05
200,1.3799e-05
201,1.47e-05
202,1.475e-05
203,1.456e-05
204,1.504e-05
205,1.984e-05
206,1.566e-05
207,1.512e-05
208,1.496e-05
209,1.6269e-05
210,1.468e-05
211,1.573e-05
212,1.481e-05
213,1.643e-05
214,1.51e-05
215,1.625e-05
216,1.553e-05
217,1.806e-05
218,2.185e-05
219,1.687e-05
220,1.661e-05
221,1.7719e-05
222,1.976e-05
223,1.706e-05
224,1.8649e-05
225,1.737e-05
226,1.8389e-05
227,1.833e-05
228,1.889e-05
229,2.0929e-05
230,2.357e-05
231,1.908e-05
232,1.812e-05
233,1.953e-05
234,1.951e-05
235,1.831e-05
236,1.971e-05
237,2.003e-05
238,2.067e-05
239,2.058e-05
240,1.944e-05
241,2.291e-05
242,2.19e-05
243,2.153e-05
244,2.064e-05
245,2.12e-05
246,2.0329e-05
247,2.149e-05
248,2.5979e-05
249,2.562e-05
250,2.698e-05
251,2.3099e-05
252,2.908e-05
253,2.724e-05
254,3.28e-05
255,2.363e-05
256,2.331e-05
257,2.3269e-05
258,2.504e-05
259,2.863e-05
260,2.756e-05
261,2.444e-05
262,2.5919e-05
263,2.4569e-05
264,2.4469e-05
265,3.235e-05
266,2.693e-05
267,2.747e-05
268,2.832e-05
269,2.594e-05
270,2.61e-05
271,2.7319e-05
272,2.909e-05
273,3.2209e-05
274,2.711e-05
275,2.729e-05
276,2.9499e-05
277,2.7909e-05
278,2.849e-05
279,2.85e-05
280,2.749e-05
281,3.071e-05
282,2.8019e-05
283,2.9579e-05
284,2.967e-05
285,2.986e-05
286,3.1229e-05
287,2.897e-05
288,3.0329e-05
289,2.9429e-05
290,3.055e-05
291,3.188e-05
292,3.2039e-05
293,3.114e-05
294,3.042e-05
295,3.2409e-05
296,3.248e-05
297,3.216e-05
298,3.111e-05
299,3.1959e-05
300,3.3179e-05
301,3.2559e-05
302,3.159e-05
303,3.261e-05
304,3.2639e-05
305,3.347e-05
306,3.4839e-05
307,3.275e-05
308,3.535e-05
309,3.3689e-05
310,3.3969e-05
311,3.4659e-05
312,3.339e-05
313,3.439e-05
314,3.5059e-05
315,3.379e-05
316,3.9829e-05
317,3.8319e-05
318,3.7869e-05
319,3.554e-05
320,3.7529e-05
321,3.576e-05
322,3.697e-05
323,3.6279e-05
324,4.132e-05
325,3.9639e-05
326,3.691e-05
327,3.593e-05
328,3.716e-05
329,3.5759e-05
330,3.8049e-05
331,3.697e-05
332,3.6579e-05
333,3.8819e-05
334,3.8179e-05
335,3.716e-05
336,3.7479e-05
337,3.796e-05
338,3.7559e-05
339,3.967e-05
340,3.81e-05
341,4.172e-05
342,3.9469e-05
343,4.1019e-05
344,3.916e-05
345,4.095e-05
346,4.122e-05
347,3.9609e-05
348,4.307e-05
349,4.792e-05
350,4.166e-05
351,4.3479e-05
352,4.1089e-05
353,4.047e-05
354,4.2429e-05
355,4.1529e-05
356,4.411e-05
357,4.314e-05
358,4.165e-05
359,4.8619e-05
360,4.228e-05
361,4.4839e-05
362,4.5989e-05
363,4.46e-05
364,4.497e-05
365,4.402e-05
366,4.4889e-05
367,4.634e-05
368,4.8739e-05
369,5.522e-05
370,4.7789e-05
371,4.904e-05
372,4.7299e-05
373,4.642e-05
374,4.8039e-05
375,5.0269e-05
376,5.6719e-05
377,4.8399e-05
378,5.1079e-05
379,4.9729e-05
380,5.514e-05
381,4.9579e-05
382,7.84e-05
383,5.6049e-05
384,5.2179e-05
385,5.247e-05
386,5.3739e-05
387,5.7469e-05
388,5.465e-05
389,5.1619e-05
390,5.1789e-05
391,5.4999e-05
392,5.3609e-05
393,5.1739e-05
394,5.1019e-05
395,5.3499e-05
396,5.3609e-05
397,5.2149e-05
398,5.5379e-05
399,5.3719e-05
400,5.2049e-05
401,5.4319e-05
402,5.2549e-05
403,5.1799e-05
404,5.4309e-05
405,5.6529e-05
406,6.7929e-05
407,5.3699e-05
408,5.6389e-05
409,5.5039e-05
410,5.4799e-05
411,5.676e-05
412,5.455e-05
413,6.1369e-05
414,5.4859e-05
415,5.8569e-05
416,5.8999e-05
417,5.634e-05
418,5.9329e-05
419,5.6409e-05
420,7.1269e-05
421,5.6489e-05
422,5.879e-05
423,5.7399e-05
424,6.0289e-05
425,5.763e-05
426,5.8199e-05
427,6.1409e-05
428,5.8229e-05
429,6.2699e-05
430,6.074e-05
431,6.0149e-05
432,6.4829e-05
433,6.0679e-05
434,6.2009e-05
435,6.0399e-05
436,6.3989e-05
437,6.248e-05
438,6.2949e-05
439,6.1639e-05
440,6.1479e-05
441,6.2629e-05
442,6.5419e-05
443,6.2519e-05
444,6.5379e-05
445,6.4749e-05
446,6.9079e-05
447,6.3799e-05
448,6.8049e-05
449,6.56e-05
450,6.6079e-05
451,6.6209e-05
452,6.6849e-05
453,6.4619e-05
454,7.0469e-05
455,8.7079e-05
456,6.5729e-05
457,6.6499e-05
458,6.6439e-05
459,6.9139e-05
460,6.8509e-05
461,6.68e-05
462,6.9409e-05
463,6.8959e-05
464,6.891e-05
465,7.1399e-05
466,7.8789e-05
467,7.2409e-05
468,7.2479e-05
469,9.1909e-05
470,7.263e-05
471,7.1779e-05
472,6.9649e-05
473,7.1399e-05
474,7.2639e-05
475,7.5689e-05
476,7.1879e-05
477,7.8619e-05
478,7.1879e-05
479,7.2749e-05
480,7.3639e-05
481,7.385e-05
482,7.3369e-05
483,9.1719e-05
484,7.363e-05
485,7.4089e-05
486,7.9129e-05
487,7.5269e-05
488,7.6349e-05
489,7.7019e-05
490,7.6529e-05
491,7.5469e-05
492,7.5509e-05
493,8.3199e-05
494,7.6549e-05
495,7.6849e-05
496,8.5079e-05
497,8.0259e-05
498,8.1909e-05
499,9.2919e-05
500,8.0939e-05
501,7.8479e-05
502,0.000108979
503,7.9979e-05
504,0.000120049
505,8.1639e-05
506,8.1199e-05
507,8.4119e-05
508,8.8349e-05
509,9.3449e-05
510,0.000104149
511,8.8159e-05
512,8.5069e-05
513,8.6199e-05
514,9.2799e-05
515,9.5959e-05
516,9.3069e-05
517,8.9059e-05
518,8.6529e-05
519,8.8179e-05
520,0.000124968
521,8.6169e-05
522,8.5619e-05
523,8.8489e-05
524,8.9469e-05
525,9.2819e-05
526,8.7879e-05
527,8.7289e-05
528,9.0989e-05
529,9.4749e-05
530,9.0639e-05
531,8.7939e-05
532,9.1939e-05
533,9.0919e-05
534,9.0849e-05
535,9.6189e-05
536,9.0499e-05
537,9.0379e-05
538,0.000100929
539,8.9339e-05
540,9.6839e-05
541,9.2069e-05
542,9.4429e-05
543,9.1679e-05
544,0.000120058
545,9.2499e-05
546,9.2669e-05
547,9.3969e-05
548,9.3279e-05
549,0.000105628
550,9.4809e-05
551,0.000102769
552,9.7349e-05
553,9.6949e-05
554,0.000101129
555,9.5109e-05
556,0.000100479
557,9.7559e-05
558,9.6399e-05
559,0.000123279
560,9.7119e-05
561,9.8769e-05
562,9.8329e-05
563,0.000126899
564,0.000101579
565,9.9019e-05
566,0.000101449
567,0.000100598
568,0.000101398
569,0.000102579
570,0.000104569
571,0.000104949
572,0.000110599
573,0.000103839
574,0.000113559
575,0.000101999
576,0.000105578
577,0.000121208
578,0.000106299
579,0.000105199
580,0.000110009
581,0.000104809
582,0.000108519
583,0.000105119
584,0.000122129
585,0.000109809
586,0.000110609
587,0.000109589
588,0.000105619
589,0.000107098
590,0.000114109
591,0.000111869
592,0.000123708
593,0.000114529
594,0.000115478
595,0.000116699
596,0.000116478
597,0.000123259
598,0.000110599
599,0.000112559
600,0.000113019
601,0.000112649
602,0.000129039
603,0.000111289
604,0.000114388
605,0.000114939
606,0.000121269
607,0.000114649
608,0.000124219
609,0.000114549
610,0.000156488
611,0.000140558
612,0.000132148
613,0.000126158
614,0.000127419
615,0.000119949
616,0.000122508
617,0.000119689
618,0.000119649
619,0.000125878
620,0.000119169
621,0.000119579
622,0.000128688
623,0.000130369
624,0.000123829
625,0.000122309
626,0.000124688
627,0.000123688
628,0.000125669
629,0.000121708
630,0.000121248
631,0.000126319
632,0.000127158
633,0.000124798
634,0.000125108
635,0.000125169
636,0.000139098
637,0.000126359
638,0.000155628
639,0.000143689
640,0.000185698
641,0.000200428
642,0.000325516
643,0.000274617
644,0.000302956
645,0.000304736
646,0.000176758
647,0.000382296
648,0.000144048
649,0.000137378
650,0.000136368
651,0.000131069
652,0.000131508
653,0.000135258
654,0.000135648
655,0.000148419
656,0.000142448
657,0.000136098
658,0.000134558
659,0.000133978
660,0.000140488
661,0.000140958
662,0.000137838
663,0.000140398
664,0.000139459
665,0.000138719
666,0.000136238
667,0.000150979
668,0.000178138
669,0.000138888
670,0.000140949
671,0.000139809
672,0.000141769
673,0.000138328
674,0.000146309
675,0.000144108
676,0.000143588
677,0.000150188
678,0.000145398
679,0.000145158
680,0.000145868
681,0.000145389
682,0.000143859
683,0.000145158
684,0.000147018
685,0.000144279
686,0.000150829
687,0.000146609
688,0.000189667
689,0.000150679
690,0.000148748
691,0.000182458
692,0.000147258
693,0.000153869
694,0.000147998
695,0.000148348
696,0.000148689
697,0.000148849
698,0.000154158
699,0.000147818
700,0.000157059
701,0.000149478
702,0.000160638
703,0.000157459
704,0.000155648
705,0.000151088
706,0.000164518
707,0.000153478
708,0.000162179
709,0.000151029
710,0.000169388
711,0.000154458
712,0.000155778
713,0.000158568
714,0.000155708
715,0.000160008
716,0.000155848
717,0.000162559
718,0.000163308
719,0.000157818
720,0.000212318
721,0.000251517
722,0.000160529
723,0.000222038
724,0.000274547
725,0.000370286
726,0.000345406
727,0.000325056
728,0.000435605
729,0.000360986
730,0.000313336
731,0.000387555
732,0.000272197
733,0.000275337
734,0.000306986
735,0.000280437
736,0.000256577
737,0.000262497
738,0.000408686
739,0.000383376
740,0.000393885
741,0.000352437
742,0.000745532
743,0.000574314
744,0.000488365
745,0.000471605
746,0.000359186
747,0.000510284
748,0.000484634
749,0.000417775
750,0.000494285
751,0.000319777
752,0.000425706
753,0.000470944
754,0.000395576
755,0.000376145
756,0.000353146
757,0.000330176
758,0.000355356
759,0.000315727
760,0.000381446
761,0.000300887
762,0.000366436
763,0.000301196
764,0.000348726
765,0.000380286
766,0.000394286
767,0.000411635
768,0.000341326
769,0.000390696
770,0.000349776
771,0.000377636
772,0.000321086
773,0.000378576
774,0.000307797
775,0.000339217
776,0.000316926
777,0.000353016
778,0.000293456
779,0.000314906
780,0.000349526
781,0.000303097
782,0.000378236
783,0.000300976
784,0.000338236
785,0.000331526
786,0.000370725
787,0.000297987
788,0.000322587
789,0.000337996
790,0.000344466
791,0.000393465
792,0.000318006
793,0.000368296
794,0.000318916
795,0.000362766
796,0.000362486
797,0.000354896
798,0.000437765
799,0.000405535
800,0.000406635
801,0.000368306
802,0.000348307
803,0.000340106
804,0.000338447
805,0.000307786
806,0.000336136
807,0.000351366
808,0.000345807
809,0.000352626
810,0.000340326
811,0.000329016
812,0.000306756
813,0.000318666
814,0.000335326
815,0.000316286
816,0.000322196
817,0.000313806
818,0.000331297
819,0.000350626
820,0.000328507
821,0.000335276
822,0.000319166
823,0.000434165
824,0.000365225
825,0.000330486
826,0.000339946
827,0.000317766
828,0.000343056
829,0.000317226
830,0.000345147
831,0.000419805
832,0.000349347
833,0.000340637
834,0.000364296
835,0.000346666
836,0.000400716
837,0.000339226
838,0.000344906
839,0.000357996
840,0.000365886
841,0.000389185
842,0.000387505
843,0.000360866
844,0.000353106
845,0.000314696
846,0.000642322
847,0.000456825
848,0.000379436
849,0.000482574
850,0.000531824
851,0.000527875
852,0.000427955
853,0.000638213
854,0.000514304
855,0.000448505
856,0.000461725
857,0.000432406
858,0.000619293
859,0.000504674
860,0.000513464
861,0.000412005
862,0.000506585
863,0.000510434
864,0.000452825
865,0.000521434
866,0.000520714
867,0.000459435
868,0.000501734
869,0.000501484
870,0.000463474
871,0.000540844
872,0.000620513
873,0.000559204
874,0.000556174
875,0.000626523
876,0.000562724
877,0.000580194
878,0.000620653
879,0.000582844
880,0.000625453
881,0.000461005
882,0.000540534
883,0.000515894
884,0.000469965
885,0.000513104
886,0.000602883
887,0.000526534
888,0.000465675
889,0.000518544
890,0.000522575
891,0.000418636
892,0.000467245
893,0.000500415
894,0.000556234
895,0.000409045
896,0.000423415
897,0.000384526
898,0.000418686
899,0.000381556
900,0.000396916
901,0.000408245
902,0.000434166
903,0.000400756
904,0.000398766
905,0.000389735
906,0.000394425
907,0.000391806
908,0.000378535
909,0.000393876
910,0.000405505
911,0.000390835
912,0.000509724
913,0.000415955
914,0.000398266
915,0.000397215
916,0.000391716
917,0.000393326
918,0.000548674
919,0.000422906
920,0.000407226
921,0.000425465
922,0.000420335
923,0.000427795
924,0.000398746
925,0.000398216
926,0.000414655
927,0.000425155
928,0.000445195
929,0.000417936
930,0.000527834
931,0.000538874
932,0.000393975
933,0.000508205
934,0.000666222
935,0.000516194
936,0.000518894
937,0.000454195
938,0.000449355
939,0.000438745
940,0.000440935
941,0.000475895
942,0.000445735
943,0.000434265
944,0.000422376
945,0.000427036
946,0.000436895
947,0.000425545
948,0.000422925
949,0.000435466
950,0.000427795
951,0.000431515
952,0.000401146
953,0.000429675
954,0.000443785
955,0.000434606
956,0.000466654
957,0.000441755
958,0.000442575
959,0.000432085
960,0.000489074
961,0.000453305
962,0.000449885
963,0.000443945
964,0.000480274
965,0.000434335
966,0.000447605
967,0.000463524
968,0.000477425
969,0.000453345
970,0.000455265
971,0.000534394
972,0.000464055
973,0.000465464
974,0.000477055
975,0.000399936
976,0.000456285
977,0.000474094
978,0.000492354
979,0.000450185
980,0.000476245
981,0.000466264
982,0.000462215
983,0.000454415
984,0.000461515
985,0.000493794
986,0.000478565
987,0.000658693
988,0.000498494
989,0.000487445
990,0.000489584
991,0.000439565
992,0.000492784
993,0.000545854
994,0.000503715
995,0.000646643
996,0.000604773
997,0.000512305
998,0.000422575
999,0.000509834
1000,0.000496084
1001,0.000524614
1002,0.000538204
1003,0.000513135
1004,0.000489455
1005,0.000552773
1006,0.000630232
1007,0.000712622
1008,0.000531714
1009,0.000538654
1010,0.000533934
1011,0.000556954
1012,0.000566444
1013,0.000512224
1014,0.000586883
1015,0.000521534
1016,0.000509325
1017,0.000519254
1018,0.000525164
1019,0.000560104
1020,0.000576734
1021,0.000577343
1022,0.000575993
1023,0.000532205
1024,0.000643843
1025,0.000574023
1026,0.000608363
1027,0.000561474
1028,0.000550023
1029,0.000588503
1030,0.000590053
1031,0.000544124
1032,0.000599364
1033,0.000553094
1034,0.000544764
1035,0.000630122
1036,0.000577713
1037,0.000560644
1038,0.000612043
1039,0.000588933
1040,0.000585784
1041,0.000583043
1042,0.000572853
1043,0.000561083
1044,0.000611523
1045,0.000593294
1046,0.000587233
1047,0.000580533
1048,0.000592253
1049,0.000582704
1050,0.000587364
1051,0.000610733
1052,0.000584514
1053,0.000730372
1054,0.000646913
1055,0.000599993
1056,0.000592774
1057,0.00082348
1058,0.000669683
1059,0.000656373
1060,0.000688892
1061,0.000668782
1062,0.000642273
1063,0.00084321
1064,0.000995408
1065,0.000712402
1066,0.000682203
1067,0.000669782
1068,0.000674482
1069,0.000752232
1070,0.000733602
1071,0.000667303
1072,0.000676482
1073,0.000675852
1074,0.00089827
1075,0.000813121
1076,0.000683402
1077,0.000671953
1078,0.000676632
1079,0.000663303
1080,0.000668823
1081,0.000682892
1082,0.000660032
1083,0.000655073
1084,0.000734532
1085,0.000700012
1086,0.000720002
1087,0.000667523
1088,0.000678953
1089,0.000752412
1090,0.000724002
1091,0.000705802
1092,0.000782252
1093,0.000683442
1094,0.000692492
1095,0.000747102
1096,0.000745621
1097,0.000796161
1098,0.000849911
1099,0.000788711
1100,0.000786772
1101,0.000750711
1102,0.00090364
1103,0.00087956
1104,0.000786792
1105,0.000754091
1106,0.000750662
1107,0.000736422
1108,0.000733792
1109,0.000779801
1110,0.000971429
1111,0.000790761
1112,0.000755342
1113,0.000734822
1114,0.00083915
1115,0.00085178
1116,0.000960429
1117,0.00086262
1118,0.000822381
1119,0.000787192
1120,0.000794711
1121,0.000812311
1122,0.00087506
1123,0.000922979
1124,0.000838431
1125,0.000971339
1126,0.00092903
1127,0.00084367
1128,0.000835301
1129,0.000860111
1130,0.000980189
1131,0.00086777
1132,0.00082418
1133,0.00082738
1134,0.00083936
1135,0.000917219
1136,0.000870731
1137,0.00085642
1138,0.000857421
1139,0.00102007
1140,0.00092425
1141,0.000825021
1142,0.00086332
1143,0.00089296
1144,0.00092269
1145,0.00085114
1146,0.000981989
1147,0.00086992
1148,0.000911389
1149,0.00089516
1150,0.000935119
1151,0.00091672
1152,0.00090438
1153,0.00088941
1154,0.00102852
1155,0.000971979
1156,0.000979129
1157,0.00089796
1158,0.00091934
1159,0.00088228
1160,0.00090497
1161,0.000947269
1162,0.00112584
1163,0.000959819
1164,0.00091009
1165,0.00090448
1166,0.00115276
1167,0.00105617
1168,0.001124
1169,0.00104156
1170,0.00111259
1171,0.00100794
1172,0.000969299
1173,0.00105039
1174,0.00101947
1175,0.00104304
1176,0.00106549
1177,0.000992079
1178,0.00100799
1179,0.00100102
1180,0.00100405
1181,0.00110193
1182,0.00103114
1183,0.00100027
1184,0.000997999
1185,0.00104981
1186,0.0010635
1187,0.00150453
1188,0.00147328
1189,0.00106825
1190,0.00108007
1191,0.00112841
1192,0.00120119
1193,0.00109108
1194,0.00108448
1195,0.00109259
1196,0.00103116
1197,0.00108809
1198,0.00125778
1199,0.00115682
1200,0.00110415
1201,0.00122352
1202,0.0011419
1203,0.00106131
1204,0.00122552
1205,0.00110477
1206,0.00110913
1207,0.00105783
1208,0.00108561
1209,0.00109126
1210,0.00122684
1211,0.00111391
1212,0.00110758
1213,0.00119916
1214,0.00117904
1215,0.00120083
1216,0.00116339
1217,0.00108478
1218,0.00113238
1219,0.00116253
1220,0.00114513
1221,0.00113393
1222,0.00125055
1223,0.00116722
1224,0.00114064
1225,0.00113192
1226,0.00120641
1227,0.00117879
1228,0.0012081
1229,0.00116882
1230,0.00120447
1231,0.0012165
1232,0.00115393
1233,0.00118432
1234,0.00132507
1235,0.00112548
1236,0.00110042
1237,0.00113457
1238,0.00119823
1239,0.00107854
1240,0.00114347
1241,0.0010882
1242,0.00114441
1243,0.00112334
1244,0.00115228
1245,0.00117577
1246,0.00114991
1247,0.00130696
1248,0.0013457
1249,0.00125352
1250,0.0012455
1251,0.00122012
1252,0.00119795
1253,0.00120804
1254,0.00136557
1255,0.00133621
1256,0.00134497
1257,0.0013907
1258,0.00138881
1259,0.00126631
1260,0.00128098
1261,0.00129642
1262,0.00136639
1263,0.00134099
1264,0.00127824
1265,0.00135224
1266,0.00138355
1267,0.00124422
1268,0.00132949
1269,0.00136027
1270,0.0013829
1271,0.00136051
1272,0.00137009
1273,0.00133008
1274,0.00139338
1275,0.00133708
1276,0.0013185
1277,0.00135547
1278,0.00142458
1279,0.00135236
1280,0.00140636
1281,0.00137902
1282,0.00147845
1283,0.0013788
1284,0.00135227
1285,0.00127966
1286,0.00131287
1287,0.00121267
1288,0.00130123
1289,0.00123618
1290,0.00128168
1291,0.0013063
1292,0.00121783
1293,0.00124799
1294,0.00128297
1295,0.00142207
1296,0.00141853
1297,0.00132021
1298,0.001536
1299,0.00150546
1300,0.00150006
1301,0.00145796
1302,0.00151134
1303,0.00149138
1304,0.00146902
1305,0.00138786
1306,0.00137618
1307,0.00132215
1308,0.00131922
1309,0.00128388
1310,0.0013648
1311,0.00141516
1312,0.00136481
1313,0.00129794
1314,0.00151472
1315,0.0013523
1316,0.00136914
1317,0.00152552
1318,0.0014074
1319,0.00149599
1320,0.00154855
1321,0.00156902
1322,0.00157396
1323,0.00160914
1324,0.00155527
1325,0.0015048
1326,0.00149092
1327,0.00143509
1328,0.00139337
1329,0.0014307
1330,0.00139598
1331,0.00133763
1332,0.00139936
1333,0.00134862
1334,0.00171778
1335,0.00164655
1336,0.00162221
1337,0.00164544
1338,0.00170259
1339,0.0016404
1340,0.00163549
1341,0.00166446
1342,0.0016877
1343,0.001675
1344,0.00168023
1345,0.00172182
1346,0.00169144
1347,0.00169053
1348,0.00166993
1349,0.00166372
1350,0.00173466
1351,0.0015318
1352,0.00139321
1353,0.00152062
1354,0.00142322
1355,0.00141213
1356,0.00145482
1357,0.0015782
1358,0.00147997
1359,0.00154341
1360,0.00143475
1361,0.00154818
1362,0.00144615
1363,0.0014584
1364,0.00158578
1365,0.00146132
1366,0.00149773
1367,0.00149048
1368,0.00153811
1369,0.00152485
1370,0.00171389
1371,0.00152179
1372,0.00153992
1373,0.00165727
1374,0.0016362
1375,0.00177912
1376,0.00168068
1377,0.00145579
1378,0.00166612
1379,0.00166995
1380,0.0016208
1381,0.00163588
1382,0.00175744
1383,0.00161105
1384,0.00158856
1385,0.00153525
1386,0.00167116
1387,0.0015858
1388,0.00158148
1389,0.00171966
1390,0.00160295
1391,0.00156193
1392,0.00174623
1393,0.00152674
1394,0.00167415
1395,0.00161591
1396,0.0016709
1397,0.00165361
1398,0.00167208
1399,0.00165777
1400,0.00166892
1401,0.00165538
1402,0.00173307
1403,0.00166078
1404,0.00154711
1405,0.00167818
1406,0.00184146
1407,0.00168785
1408,0.00174319
1409,0.00185377
1410,0.00184357
1411,0.00170876
1412,0.0018088
1413,0.00158242
1414,0.00172282
1415,0.00168864
1416,0.00163908
1417,0.00176772
1418,0.00169775
1419,0.0017671
1420,0.00154707
1421,0.00162445
1422,0.00169042
1423,0.00169735
1424,0.00179593
1425,0.00170473
1426,0.00176547
1427,0.00172232
1428,0.00173001
1429,0.00181244
1430,0.00182294
1431,0.00176514
1432,0.00173992
1433,0.00176661
1434,0.0018448
1435,0.00170595
1436,0.00184407
1437,0.00164705
1438,0.00189679
1439,0.00173793
1440,0.00193419
1441,0.00173828
1442,0.00190562
1443,0.00185815
1444,0.00188581
1445,0.00185366
1446,0.00181587
1447,0.00191466
1448,0.00166295
1449,0.00189418
1450,0.00179263
1451,0.00180473
1452,0.00180992
1453,0.00190535
1454,0.00195165
1455,0.00181354
1456,0.00181209
1457,0.00201052
1458,0.00186421
1459,0.00184907
1460,0.00198896
1461,0.00179216
1462,0.00204605
1463,0.00182205
1464,0.00189517
1465,0.00182875
1466,0.00186193
1467,0.00182622
1468,0.00184654
1469,0.00198773
1470,0.00195606
1471,0.00191318
1472,0.00204565
1473,0.00193938
1474,0.00195076
1475,0.00189747
1476,0.00189788
1477,0.00190335
1478,0.00197354
1479,0.00192921
1480,0.00202501
1481,0.00199345
1482,0.00187301
1483,0.00188447
1484,0.00209882
1485,0.00198717
1486,0.00201079
1487,0.00199863
1488,0.00194466
1489,0.00200758
1490,0.00190503
1491,0.00193269
1492,0.00194384
1493,0.00189846
1494,0.00194919
1495,0.00192823
1496,0.0019426
1497,0.00193448
1498,0.00206044
1499,0.00207255
1500,0.0019874
