size,time_seconds
2,3e-07
3,2.5e-07
4,2.9e-07
5,2.8e-07
6,2.9e-07
7,4.5e-07
8,5.5e-07
9,1.19e-06
10,8.2e-07
11,9.5e-07
12,9.6e-07
13,1.12e-06
14,1.27e-06
15,1.43e-06
16,1.52e-06
17,1.71e-06
18,1.89e-06
19,2.09e-06
20,2.31e-06
21,2.54e-06
22,3.08e-06
23,3.22e-06
24,3.53e-06
25,3.7e-06
26,4.17e-06
27,4.28e-06
28,4.59e-06
29,4.89e-06
30,5.31e-06
31,5.529e-06
32,5.84e-06
33,6.26e-06
34,6.82e-06
35,7.05e-06
36,7.76e-06
37,7.95e-06
38,8.48e-06
39,8.61e-06
40,9.27e-06
41,1.022e-05
42,9.98e-06
43,1.0569e-05
44,1.133e-05
45,1.163e-05
46,1.2e-05
47,1.2859e-05
48,1.316e-05
49,1.367e-05
50,1.433e-05
51,1.482e-05
52,1.526e-05
53,1.576e-05
54,1.6559e-05
55,2.164e-05
56,1.776e-05
57,1.8319e-05
58,1.902e-05
59,1.966e-05
60,2.038e-05
61,2.091e-05
62,2.176e-05
63,2.232e-05
64,2.305e-05
65,2.377e-05
66,2.545e-05
67,2.5479e-05
68,2.613e-05
69,2.6769e-05
70,2.747e-05
71,2.8249e-05
72,3.282e-05
73,2.9879e-05
74,3.072e-05
75,3.152e-05
76,3.246e-05
77,3.317e-05
78,3.4089e-05
79,3.485e-05
80,3.575e-05
81,3.6649e-05
82,3.76e-05
83,3.845e-05
84,3.925e-05
85,4.0309e-05
86,4.117e-05
87,4.216e-05
88,4.315e-05
89,4.4219e-05
90,4.5099e-05
91,4.612e-05
92,4.743e-05
93,4.82e-05
94,4.921e-05
95,5.02e-05
96,5.128e-05
97,5.252e-05
98,5.343e-05
99,5.446e-05
100,6.513e-05
101,5.683e-05
102,5.79e-05
103,5.891e-05
104,6.051e-05
105,6.13e-05
106,6.2939e-05
107,6.3669e-05
108,6.481e-05
109,6.635e-05
110,6.741e-05
111,6.8379e-05
112,6.991e-05
113,7.12e-05
114,7.2339e-05
115,7.3479e-05
116,7.477e-05
117,7.6049e-05
118,7.9629e-05
119,7.8749e-05
120,8.0079e-05
121,8.142e-05
122,8.2959e-05
123,8.4199e-05
124,8.59e-05
125,8.7059e-05
126,8.9609e-05
127,9.408e-05
128,9.1349e-05
129,9.2339e-05
130,9.49e-05
131,9.558e-05
132,9.7259e-05
133,9.8349e-05
134,0.000100199
135,0.000105659
136,0.000102999
137,0.000104709
138,0.000106119
139,0.000107779
140,0.000109109
141,0.000110529
142,0.00011554
143,0.000113919
144,0.000115869
145,0.000120019
146,0.000118809
147,0.000120269
148,0.00012229
149,0.000123959
150,0.000125669
151,0.000132149
152,0.000129169
153,0.000130489
154,0.000132349
155,0.000133969
156,0.000135959
157,0.000137399
158,0.000139229
159,0.000141699
160,0.000142849
161,0.000144589
162,0.000146609
163,0.000148369
164,0.000150289
165,0.000151909
166,0.000153979
167,0.000155548
168,0.000157529
169,0.000159248
170,0.000165749
171,0.000162989
172,0.000169349
173,0.000167299
174,0.000174379
175,0.000170858
176,0.000172948
177,0.000175058
178,0.000170088
179,0.000171279
180,0.000173698
181,0.000178268
182,0.000177588
183,0.000184148
184,0.000181548
185,0.000183639
186,0.000185509
187,0.000187418
188,0.000193189
189,0.000191918
190,0.000195839
191,0.000195538
192,0.000197659
193,0.000199749
194,0.000211888
195,0.000212238
196,0.000213878
197,0.000216518
198,0.000218849
199,0.000220929
200,0.000226198
201,0.000225428
202,0.000227529
203,0.000230008
204,0.000236949
205,0.000234688
206,0.000237689
207,0.000239268
208,0.000241808
209,0.000248518
210,0.000246258
211,0.000248348
212,0.000250908
213,0.000253268
214,0.000268038
215,0.000261218
216,0.000261168
217,0.000262608
218,0.000265258
219,0.000267478
220,0.000270558
221,0.000272118
222,0.000275978
223,0.000281138
224,0.000282938
225,0.000286758
226,0.000289148
227,0.000291168
228,0.000293468
229,0.000296378
230,0.000299448
231,0.000301458
232,0.000304277
233,0.000306778
234,0.000297237
235,0.000298598
236,0.000304498
237,0.000319328
238,0.000318278
239,0.000318918
240,0.000321898
241,0.000323818
242,0.000329248
243,0.000330407
244,0.000335938
245,0.000338297
246,0.000337818
247,0.000339268
248,0.000342687
249,0.000349668
250,0.000352638
251,0.000362528
252,0.000356627
253,0.000361497
254,0.000366997
255,0.000361877
256,0.000365438
257,0.000371377
258,0.000373847
259,0.000374307
260,0.000383837
261,0.000379358
262,0.000382707
263,0.000389247
264,0.000388107
265,0.000395117
266,0.000394298
267,0.000396438
268,0.000404317
269,0.000402817
270,0.000412007
271,0.000408237
272,0.000415837
273,0.000414497
274,0.000419656
275,0.000420337
276,0.000429217
277,0.000427407
278,0.000435097
279,0.000433187
280,0.000440297
281,0.000439366
282,0.000447817
283,0.000445256
284,0.000449887
285,0.000456297
286,0.000436467
287,0.000450487
288,0.000466737
289,0.000464007
290,0.000469856
291,0.000475256
292,0.000456177
293,0.000460997
294,0.000468757
295,0.000483997
296,0.000476496
297,0.000475127
298,0.000476596
299,0.000481987
300,0.000504787
301,0.000507817
302,0.000512297
303,0.000490347
304,0.000494787
305,0.000500747
306,0.000525726
307,0.000528167
308,0.000528296
309,0.000531026
310,0.000534966
311,0.000537146
312,0.000541656
313,0.000544596
314,0.000548666
315,0.000551426
316,0.000556556
317,0.000558426
318,0.000567776
319,0.000565196
320,0.000564696
321,0.000572356
322,0.000558376
323,0.000554196
324,0.000585626
325,0.000591026
326,0.000595696
327,0.000598636
328,0.000603136
329,0.000601426
330,0.000579915
331,0.000618595
332,0.000630405
333,0.000623815
334,0.000627466
335,0.000624796
336,0.000633415
337,0.000637465
338,0.000636555
339,0.000683565
340,0.000668266
341,0.000668226
342,0.000658285
343,0.000696625
344,0.000685675
345,0.000674485
346,0.000680395
347,0.000681415
348,0.000689805
349,0.000689085
350,0.000703285
351,0.000694975
352,0.000692525
353,0.000698065
354,0.000698594
355,0.000717385
356,0.000713914
357,0.000716935
358,0.000720495
359,0.000717445
360,0.000720304
361,0.000729595
362,0.000731615
363,0.000736414
364,0.000708984
365,0.000745735
366,0.000749404
367,0.000748225
368,0.000759034
369,0.000760124
370,0.000735365
371,0.000772835
372,0.000759965
373,0.000777365
374,0.000782605
375,0.000750194
376,0.000760254
377,0.000767514
378,0.000770774
379,0.000788524
380,0.000774064
381,0.000786394
382,0.000798154
383,0.000790534
384,0.000796004
385,0.000828694
386,0.000807974
387,0.000801564
388,0.000813524
389,0.000814424
390,0.000823174
391,0.000826174
392,0.000832364
393,0.000835445
394,0.000840564
395,0.000842364
396,0.000850294
397,0.000847994
398,0.000854294
399,0.000860424
400,0.000863083
401,0.000865944
402,0.000900434
403,0.000875984
404,0.000877354
405,0.000882974
406,0.000887793
407,0.000929594
408,0.000899083
409,0.000904274
410,0.000909604
411,0.000908573
412,0.000917013
413,0.000909773
414,0.000925153
415,0.000928763
416,0.000925813
417,0.000964693
418,0.000945293
419,0.000961543
420,0.000990093
421,0.000951743
422,0.00100906
423,0.00102085
424,0.00101473
425,0.000975123
426,0.000983882
427,0.00103795
428,0.00102553
429,0.00102864
430,0.00103257
431,0.0010367
432,0.0010075
433,0.00100888
434,0.00101692
435,0.00101735
436,0.00103732
437,0.00102201
438,0.0010336
439,0.00103944
440,0.0010382
441,0.00104613
442,0.00105229
443,0.00109247
444,0.00107639
445,0.00106742
446,0.00108384
447,0.00111529
448,0.00116903
449,0.00115955
450,0.00120137
451,0.00115623
452,0.00113679
453,0.00115165
454,0.00115654
455,0.00114645
456,0.00112748
457,0.00114546
458,0.00116179
459,0.00118687
460,0.00114123
461,0.00115538
462,0.00115437
463,0.00115951
464,0.00116072
465,0.00117366
466,0.00117506
467,0.00117186
468,0.00118063
469,0.00120902
470,0.0011923
471,0.00119275
472,0.0012076
473,0.00120751
474,0.00121875
475,0.00121968
476,0.00125173
477,0.00122883
478,0.00123202
479,0.00123331
480,0.00124275
481,0.00124345
482,0.00125204
483,0.0012538
484,0.00126639
485,0.00126893
486,0.00127499
487,0.00127892
488,0.00129098
489,0.00133785
490,0.00130053
491,0.00134872
492,0.00131794
493,0.00130876
494,0.00131368
495,0.00141834
496,0.00135304
497,0.00137346
498,0.00140619
499,0.00135713
500,0.00139197
501,0.00136455
502,0.00136147
503,0.00136859
504,0.0013824
505,0.00138012
506,0.00140433
507,0.0013816
508,0.00144048
509,0.00140198
510,0.00141718
511,0.00142691
512,0.00152871
513,0.00154103
514,0.00155731
515,0.0015558
516,0.00156592
517,0.00156222
518,0.00159232
519,0.00159388
520,0.00161502
521,0.00161202
522,0.00161604
523,0.00160451
524,0.00164138
525,0.00162293
526,0.00162339
527,0.0016166
528,0.00162727
529,0.00161716
530,0.00163621
531,0.00160975
532,0.00165653
533,0.00165461
534,0.00169885
535,0.00164213
536,0.0017352
537,0.00165798
538,0.00172524
539,0.00167215
540,0.00171046
541,0.00173668
542,0.00171766
543,0.00171022
544,0.00173299
545,0.00173309
546,0.00173061
547,0.00180893
548,0.00174929
549,0.00181219
550,0.00187522
551,0.00180367
552,0.00186104
553,0.00184767
554,0.00177777
555,0.00184172
556,0.00179269
557,0.00182837
558,0.00184671
559,0.00185217
560,0.00185299
561,0.00183423
562,0.00186111
563,0.00187041
564,0.00186292
565,0.00188073
566,0.00192809
567,0.00189725
568,0.00192011
569,0.00196552
570,0.0018889
571,0.00196908
572,0.00196472
573,0.00195746
574,0.00194015
575,0.00193645
576,0.00200203
577,0.0019516
578,0.0019741
579,0.00201493
580,0.00193407
581,0.00202734
582,0.00199953
583,0.00199616
584,0.00201043
585,0.002012
586,0.00202258
587,0.00202905
588,0.0020471
589,0.00205489
590,0.00204521
591,0.0020453
592,0.00205894
593,0.00210879
594,0.00207311
595,0.00207663
596,0.00210267
597,0.00210217
598,0.00212641
599,0.00211013
600,0.00216342
601,0.00216213
602,0.00214819
603,0.0021414
604,0.00215561
605,0.00217456
606,0.00216306
607,0.00221633
608,0.00219721
609,0.00222834
610,0.00220799
611,0.00219007
612,0.00222749
613,0.00221677
614,0.00222225
615,0.0022539
616,0.00225787
617,0.00224672
618,0.00232702
619,0.00228274
620,0.00234684
621,0.00230501
622,0.00227404
623,0.00231024
624,0.00228818
625,0.00241278
626,0.00236767
627,0.00231747
628,0.00232442
629,0.00228952
630,0.00231977
631,0.00235098
632,0.00234745
633,0.00240903
634,0.00237663
635,0.00237417
636,0.00236043
637,0.00234176
638,0.00241246
639,0.00240037
640,0.00241797
641,0.00252866
642,0.00240951
643,0.00247116
644,0.00248665
645,0.00245786
646,0.00246183
647,0.00246998
648,0.00247258
649,0.00246823
650,0.00251845
651,0.00250498
652,0.00250613
653,0.00250868
654,0.00252553
655,0.00252301
656,0.00254255
657,0.00255855
658,0.002577
659,0.00254907
660,0.00257003
661,0.00257272
662,0.0025823
663,0.00258942
664,0.00262877
665,0.00259442
666,0.00260223
667,0.00261413
668,0.00261054
669,0.00264364
670,0.00264511
671,0.00265085
672,0.00276695
673,0.0026648
674,0.00267703
675,0.00285247
676,0.00279553
677,0.00272459
678,0.00270098
679,0.002743
680,0.00268937
681,0.00275828
682,0.00272646
683,0.0027557
684,0.00277094
685,0.00276226
686,0.0027632
687,0.00282807
688,0.00278528
689,0.00280265
690,0.00282101
691,0.0028153
692,0.00281148
693,0.00283693
694,0.00281805
695,0.00285187
696,0.0028875
697,0.00286336
698,0.00289257
699,0.00289139
700,0.00284407
701,0.00294297
702,0.00291477
703,0.00294792
704,0.00287853
705,0.00290625
706,0.00295833
707,0.00294553
708,0.00294843
709,0.002968
710,0.0029787
711,0.00297525
712,0.00301436
713,0.00298127
714,0.00307057
715,0.00298858
716,0.00301458
717,0.00302574
718,0.0030402
719,0.00305883
720,0.00305375
721,0.0030666
722,0.003128
723,0.00309202
724,0.00309589
725,0.00313364
726,0.00319846
727,0.00315749
728,0.00314781
729,0.00322352
730,0.003241
731,0.00316749
732,0.00317059
733,0.00324448
734,0.0032547
735,0.00318246
736,0.00321653
737,0.00316805
738,0.00324107
739,0.00323603
740,0.00333778
741,0.00324608
742,0.00325587
743,0.00327597
744,0.00328567
745,0.00328887
746,0.00326997
747,0.0033182
748,0.00344648
749,0.00333323
750,0.00335656
751,0.00333945
752,0.00341726
753,0.00341906
754,0.003446
755,0.00338682
756,0.00340185
757,0.00345757
758,0.00339544
759,0.00342231
760,0.00345698
761,0.00342702
762,0.00348208
763,0.00345001
764,0.00349411
765,0.00346741
766,0.00350383
767,0.0034902
768,0.00369783
769,0.00354619
770,0.00375059
771,0.00357331
772,0.00364801
773,0.00368748
774,0.00383822
775,0.0036455
776,0.00365258
777,0.00357971
778,0.00361686
779,0.00365794
780,0.0036563
781,0.00368114
782,0.0038058
783,0.00368261
784,0.00368803
785,0.00369564
786,0.00373167
787,0.00375114
788,0.00380093
789,0.00374612
790,0.00374675
791,0.00373531
792,0.00381884
793,0.00381996
794,0.00375179
795,0.00377496
796,0.00380752
797,0.00377983
798,0.00380363
799,0.00382016
800,0.00382924
801,0.00380444
802,0.00379426
803,0.00384458
804,0.00388214
805,0.00387928
806,0.00391446
807,0.00388383
808,0.00397536
809,0.00393203
810,0.00395605
811,0.00394011
812,0.00402934
813,0.0039587
814,0.00403327
815,0.00412372
816,0.0041278
817,0.00400911
818,0.00404059
819,0.00403867
820,0.00416192
821,0.00398448
822,0.00412925
823,0.00410228
824,0.00414698
825,0.00405851
826,0.00417712
827,0.00410935
828,0.00417549
829,0.0041565
830,0.00422034
831,0.00421852
832,0.00421103
833,0.00416897
834,0.00433115
835,0.00419114
836,0.00426922
837,0.00422795
838,0.00431516
839,0.00423794
840,0.00426718
841,0.00426521
842,0.00430006
843,0.00427942
844,0.00439676
845,0.00432359
846,0.00437496
847,0.00437084
848,0.00436901
849,0.00448979
850,0.00459476
851,0.00439995
852,0.00451809
853,0.00441987
854,0.00448403
855,0.00444959
856,0.00441242
857,0.00444702
858,0.004609
859,0.0044783
860,0.00457136
861,0.00449784
862,0.00461201
863,0.00453189
864,0.00475999
865,0.00455171
866,0.00465815
867,0.0045889
868,0.00462593
869,0.00459354
870,0.00461758
871,0.00464298
872,0.00466866
873,0.00465706
874,0.0046656
875,0.00469186
876,0.0048122
877,0.0047337
878,0.00474516
879,0.00474244
880,0.00476569
881,0.00476205
882,0.00484232
883,0.00480825
884,0.00492769
885,0.00481279
886,0.00485784
887,0.00484116
888,0.00482499
889,0.00485935
890,0.00497546
891,0.00498174
892,0.0049918
893,0.00489957
894,0.00499511
895,0.00491897
896,0.00500455
897,0.00499511
898,0.00498432
899,0.005001
900,0.0051283
901,0.00499053
902,0.00515446
903,0.00502095
904,0.0050655
905,0.00503693
906,0.00506604
907,0.00507918
908,0.00518542
909,0.0051188
910,0.00519137
911,0.00514759
912,0.00550652
913,0.00523763
914,0.00519592
915,0.00519477
916,0.00523496
917,0.00522221
918,0.00522211
919,0.00522253
920,0.00531897
921,0.0053199
922,0.0053806
923,0.00543185
924,0.00536125
925,0.00530567
926,0.00534151
927,0.00530537
928,0.00544363
929,0.00535276
930,0.00535067
931,0.0054061
932,0.00550966
933,0.00539269
934,0.0054528
935,0.0054174
936,0.00570771
937,0.00566789
938,0.00582578
939,0.00558071
940,0.00561259
941,0.0055947
942,0.00583143
943,0.00564896
944,0.00568049
945,0.00569987
946,0.00574196
947,0.00575046
948,0.00587255
949,0.00578118
950,0.00580645
951,0.00579746
952,0.0058631
953,0.00568413
954,0.00568255
955,0.00571943
956,0.00588949
957,0.00583474
958,0.00586443
959,0.00574841
960,0.0058297
961,0.00577372
962,0.00586961
963,0.00591707
964,0.00596736
965,0.00583803
966,0.00588695
967,0.00594125
968,0.00615383
969,0.00606006
970,0.00624211
971,0.00604525
972,0.00597974
973,0.00594879
974,0.00600342
975,0.00590186
976,0.00606997
977,0.00597652
978,0.00620441
979,0.00605711
980,0.00611687
981,0.00603608
982,0.00609299
983,0.00606048
984,0.00631101
985,0.00609017
986,0.0061122
987,0.00612513
988,0.00614623
989,0.00617294
990,0.00619662
991,0.00617824
992,0.00634455
993,0.00628516
994,0.00621965
995,0.00621981
996,0.00627571
997,0.00624408
998,0.00640697
999,0.00634616
1000,0.00651677
1001,0.00629745
1002,0.00635195
1003,0.00640405
1004,0.00656678
1005,0.00635362
1006,0.00655581
1007,0.0063904
1008,0.00665512
1009,0.00641626
1010,0.00661448
1011,0.00644365
1012,0.00645977
1013,0.00643148
1014,0.00659369
1015,0.00653617
1016,0.00662325
1017,0.00651838
1018,0.006618
1019,0.00654269
1020,0.00664077
1021,0.00657751
1022,0.00673293
1023,0.00657159
1024,0.00678063
1025,0.00667368
1026,0.00670244
1027,0.00666832
1028,0.00693178
1029,0.00667935
1030,0.00689458
1031,0.00671223
1032,0.00699783
1033,0.00672294
1034,0.00679868
1035,0.00675679
1036,0.00688304
1037,0.00674157
1038,0.0070414
1039,0.00679718
1040,0.00702164
1041,0.0068645
1042,0.00697253
1043,0.00693765
1044,0.00709672
1045,0.00691457
1046,0.00702894
1047,0.00695838
1048,0.00707065
1049,0.00708513
1050,0.00696178
1051,0.00697113
1052,0.00726527
1053,0.00702537
1054,0.00711889
1055,0.0070382
1056,0.00729835
1057,0.00686458
1058,0.00726534
1059,0.00700332
1060,0.00720626
1061,0.00718029
1062,0.00727196
1063,0.00714924
1064,0.00736599
1065,0.00725328
1066,0.00725209
1067,0.00718886
1068,0.00749888
1069,0.00723754
1070,0.00740716
1071,0.00724637
1072,0.0073288
1073,0.0072988
1074,0.00751319
1075,0.00741784
1076,0.00749948
1077,0.00735837
1078,0.00758098
1079,0.00737938
1080,0.00762533
1081,0.00743737
1082,0.00750721
1083,0.00753847
1084,0.00773573
1085,0.00747916
1086,0.00769416
1087,0.00753422
1088,0.00769652
1089,0.00749634
1090,0.00766434
1091,0.0075653
1092,0.00788602
1093,0.00757419
1094,0.00773999
1095,0.00762573
1096,0.00770088
1097,0.00764153
1098,0.00795569
1099,0.00777449
1100,0.0076543
1101,0.00768944
1102,0.00777861
1103,0.00778535
1104,0.00785845
1105,0.0077265
1106,0.00806016
1107,0.00770939
1108,0.00807076
1109,0.00791014
1110,0.00811571
1111,0.00793006
1112,0.00800468
1113,0.00793313
1114,0.00789131
1115,0.00788814
1116,0.00792704
1117,0.00795506
1118,0.00819332
1119,0.00775265
1120,0.00782809
1121,0.0078813
1122,0.00807971
1123,0.00793006
1124,0.00814186
1125,0.007923
1126,0.00817568
1127,0.00795214
1128,0.00808926
1129,0.00804811
1130,0.00833333
1131,0.00802306
1132,0.00821455
1133,0.00806571
1134,0.0082589
1135,0.00812562
1136,0.00845979
1137,0.00818292
1138,0.00824862
1139,0.00814232
1140,0.00834798
1141,0.00819862
1142,0.00828957
1143,0.00819672
1144,0.00852783
1145,0.00821442
1146,0.00852504
1147,0.00832885
1148,0.00860344
1149,0.00829993
1150,0.00847586
1151,0.00839094
1152,0.00841824
1153,0.00834914
1154,0.00875236
1155,0.00835349
1156,0.00846133
1157,0.00840531
1158,0.00847982
1159,0.00841114
1160,0.00856827
1161,0.00845981
1162,0.00868233
1163,0.00849086
1164,0.00868237
1165,0.00849097
1166,0.00875861
1167,0.00853315
1168,0.00886587
1169,0.00863421
1170,0.00861618
1171,0.00874423
1172,0.00873095
1173,0.00864628
1174,0.00917005
1175,0.00870262
1176,0.00894597
1177,0.00885295
1178,0.00890857
1179,0.0087304
1180,0.00890071
1181,0.00875171
1182,0.00904871
1183,0.0208687
1184,0.0199656
1185,0.0198368
1186,0.0198515
1187,0.0197665
1188,0.0200434
1189,0.0198567
1190,0.0203902
1191,0.0199446
1192,0.0202255
1193,0.0200211
1194,0.0202655
1195,0.0200874
1196,0.0199679
1197,0.020024
1198,0.0206579
1199,0.0201619
1200,0.0203017
1201,0.0201756
1202,0.0204288
1203,0.0205022
1204,0.0205067
1205,0.0203713
1206,0.0204323
1207,0.0202781
1208,0.0206295
1209,0.0206849
1210,0.0207074
1211,0.0204869
1212,0.0206884
1213,0.0206679
1214,0.0206404
1215,0.0205459
1216,0.0207928
1217,0.0210128
1218,0.0209117
1219,0.0208125
1220,0.0211396
1221,0.0209182
1222,0.0215855
1223,0.0211846
1224,0.0213039
1225,0.0209451
1226,0.0210677
1227,0.0210761
1228,0.0211908
1229,0.021156
1230,0.0214041
1231,0.0215284
1232,0.021575
1233,0.0215194
1234,0.0215716
1235,0.0213533
1236,0.0213017
1237,0.0230859
1238,0.0230292
1239,0.0222484
1240,0.0217374
1241,0.0217258
1242,0.0221741
1243,0.0218124
1244,0.0220141
1245,0.0217529
1246,0.0224828
1247,0.0219923
1248,0.0221763
1249,0.0219899
1250,0.0222894
1251,0.0218742
1252,0.0221146
1253,0.0221558
1254,0.0225657
1255,0.0219787
1256,0.0227401
1257,0.0222426
1258,0.0228419
1259,0.0223974
1260,0.0225059
1261,0.0222771
1262,0.0232246
1263,0.0236026
1264,0.0223057
1265,0.0223736
1266,0.022535
1267,0.0224785
1268,0.022436
1269,0.0226018
1270,0.0226735
1271,0.0228038
1272,0.0230522
1273,0.0228323
1274,0.023328
1275,0.0228065
1276,0.0230133
1277,0.0228554
1278,0.0231988
1279,0.0229142
1280,0.0231011
1281,0.0231367
1282,0.0231976
1283,0.0230828
1284,0.0232567
1285,0.0231061
1286,0.0233141
1287,0.0231014
1288,0.0234387
1289,0.0232803
1290,0.0239456
1291,0.0235107
1292,0.0237104
1293,0.0237329
1294,0.0240418
1295,0.0234157
1296,0.0236882
1297,0.0235267
1298,0.0236291
1299,0.0237462
1300,0.0236563
1301,0.0238272
1302,0.0239429
1303,0.0234518
1304,0.0243663
1305,0.0228663
1306,0.0241206
1307,0.0229388
1308,0.0239533
1309,0.0232168
1310,0.0243696
1311,0.0231263
1312,0.0241352
1313,0.023276
1314,0.0246057
1315,0.0232961
1316,0.02427
1317,0.023452
1318,0.024475
1319,0.0234319
1320,0.024401
1321,0.0234976
1322,0.0248414
1323,0.0237118
1324,0.0242859
1325,0.023783
1326,0.0247258
1327,0.0238968
1328,0.0252151
1329,0.0239659
1330,0.0252511
1331,0.0238952
1332,0.0253329
1333,0.0240905
1334,0.0248467
1335,0.024074
1336,0.0253977
1337,0.0242845
1338,0.0254903
1339,0.0242292
1340,0.0253744
1341,0.0242935
1342,0.0250573
1343,0.024417
1344,0.0258413
1345,0.0245465
1346,0.025753
1347,0.0245629
1348,0.0259207
1349,0.0246029
1350,0.0260042
1351,0.0246732
1352,0.0258504
1353,0.024819
1354,0.0257399
1355,0.0248378
1356,0.025966
1357,0.0249088
1358,0.0258642
1359,0.0250048
1360,0.0263257
1361,0.025471
1362,0.0265157
1363,0.0255932
1364,0.0266787
1365,0.0254161
1366,0.0261218
1367,0.0256334
1368,0.0267079
1369,0.0255305
1370,0.0264998
1371,0.0256277
1372,0.0265113
1373,0.0257741
1374,0.0267112
1375,0.0256773
1376,0.0267747
1377,0.0258192
1378,0.0274596
1379,0.0266706
1380,0.0269946
1381,0.02629
1382,0.0268875
1383,0.0261122
1384,0.0271479
1385,0.026118
1386,0.0276319
1387,0.0263834
1388,0.0278136
1389,0.0263193
1390,0.0275228
1391,0.0263805
1392,0.0275305
1393,0.0265117
1394,0.0283674
1395,0.0270563
1396,0.0277044
1397,0.0271377
1398,0.028074
1399,0.0270011
1400,0.0278351
1401,0.0267944
1402,0.0277627
1403,0.026897
1404,0.0279504
1405,0.0270438
1406,0.0282292
1407,0.0270802
1408,0.0283165
1409,0.0271373
1410,0.0285022
1411,0.0273241
1412,0.0284797
1413,0.0272899
1414,0.0285857
1415,0.0273744
1416,0.0285643
1417,0.0274331
1418,0.0288554
1419,0.0285633
1420,0.0289503
1421,0.0276071
1422,0.0288959
1423,0.0277282
1424,0.0290049
1425,0.0279255
1426,0.0292578
1427,0.0280258
1428,0.0290878
1429,0.0279826
1430,0.0290859
1431,0.0280453
1432,0.0291635
1433,0.0281514
1434,0.0293385
1435,0.0281901
1436,0.0297324
1437,0.0283423
1438,0.0296668
1439,0.0284593
1440,0.029486
1441,0.0285567
1442,0.0301213
1443,0.0286845
1444,0.0298705
1445,0.0288117
1446,0.029575
1447,0.0287112
1448,0.0309081
1449,0.0297589
1450,0.0306086
1451,0.0298633
1452,0.0307286
1453,0.0300177
1454,0.0306764
1455,0.0298898
1456,0.0307587
1457,0.0300019
1458,0.0311618
1459,0.0303738
1460,0.0311821
1461,0.0303841
1462,0.0310459
1463,0.0304538
1464,0.0310632
1465,0.0303505
1466,0.0311836
1467,0.0306488
1468,0.031353
1469,0.0306281
1470,0.0314119
1471,0.0307087
1472,0.0314706
1473,0.030957
1474,0.0317939
1475,0.0310758
1476,0.0319123
1477,0.0311558
1478,0.0319798
1479,0.0310073
1480,0.0317943
1481,0.0311722
1482,0.0319556
1483,0.0312948
1484,0.0320491
1485,0.0313771
1486,0.0321641
1487,0.0313909
1488,0.0323228
1489,0.0315279
1490,0.032826
1491,0.0335704
1492,0.0325935
1493,0.0327576
1494,0.0327521
1495,0.0324188
1496,0.0326631
1497,0.032547
1498,0.0328943
1499,0.0326389
1500,0.0330036
