size,time_seconds
2,2.4e-07
3,8e-08
4,7e-08
5,8e-08
6,8e-08
7,1e-07
8,9e-08
9,7e-08
10,1.4e-07
11,7e-08
12,2.1e-07
13,1.2e-07
14,1.1e-07
15,2e-07
16,1.4e-07
17,1.5e-07
18,2.8e-07
19,2.7e-07
20,4.2e-07
21,2e-07
22,3.8e-07
23,3.9e-07
24,4.1e-07
25,4e-07
26,2.9e-07
27,6.6e-07
28,4.7e-07
29,3.6e-07
30,1.03e-06
31,3.9e-07
32,6e-07
33,6e-07
34,6.3e-07
35,8.7e-07
36,1.01e-06
37,7.6e-07
38,1.01e-06
39,7.6e-07
40,1.18e-06
41,8.5e-07
42,8.4e-07
43,9e-07
44,9.3e-07
45,1.22e-06
46,1.29e-06
47,1.1e-06
48,1.07e-06
49,1.04e-06
50,1.42e-06
51,1.19e-06
52,1.4e-06
53,1.26e-06
54,1.82e-06
55,1.31e-06
56,1.53e-06
57,1.63e-06
58,1.58e-06
59,1.55e-06
60,1.88e-06
61,1.68e-06
62,1.72e-06
63,1.92e-06
64,2.05e-06
65,5.24e-06
66,2.82e-06
67,2.849e-06
68,3.07e-06
69,7.63e-06
70,3.05e-06
71,3.21e-06
72,3.31e-06
73,4.27e-06
74,3.27e-06
75,3.31e-06
76,3.37e-06
77,3.42e-06
78,3.5e-06
79,5.04e-06
80,3.65e-06
81,3.72e-06
82,3.81e-06
83,4.769e-06
84,3.92e-06
85,3.97e-06
86,5.17e-06
87,4.14e-06
88,4.2e-06
89,5.18e-06
90,4.31e-06
91,5.31e-06
92,5.26e-06
93,4.57e-06
94,8.3e-06
95,4.72e-06
96,5.73e-06
97,4.78e-06
98,5.77e-06
99,5.04e-06
100,6.11e-06
101,6.22e-06
102,5.33e-06
103,6.48e-06
104,5.46e-06
105,6.58e-06
106,6.52e-06
107,5.63e-06
108,6.73e-06
109,6.83e-06
110,5.93e-06
111,7.23e-06
112,7.16e-06
113,1.009e-05
114,6.34e-06
115,7.37e-06
116,7.48e-06
117,7.87e-06
118,7.72e-06
119,7.65e-06
120,6.97e-06
121,8.07e-06
122,8.35e-06
123,8.26e-06
124,9.52e-06
125,8.88e-06
126,1.05e-05
127,8.69e-06
128,8.76e-06
129,1.11e-05
130,1.182e-05
131,1.025e-05
132,9.98e-06
133,9.35e-06
134,9.7e-06
135,9.98e-06
136,1.002e-05
137,1.463e-05
138,9.87e-06
139,9.83e-06
140,9.909e-06
141,1.042e-05
142,1.02e-05
143,1.115e-05
144,1.242e-05
145,1.066e-05
146,1.0779e-05
147,1.2639e-05
148,1.117e-05
149,1.111e-05
150,1.447e-05
151,1.171e-05
152,1.164e-05
153,1.2669e-05
154,1.206e-05
155,1.314e-05
156,1.242e-05
157,1.48e-05
158,1.389e-05
159,1.273e-05
160,1.364e-05
161,1.3909e-05
162,1.441e-05
163,1.321e-05
164,1.497e-05
165,1.691e-05
166,1.3749e-05
167,1.4679e-05
168,1.4159e-05
169,1.7579e-05
170,1.5149e-05
171,1.464e-05
172,1.578e-05
173,1.598e-05
174,1.601e-05
175,1.614e-05
176,1.627e-05
177,1.672e-05
178,1.558e-05
179,1.672e-05
180,1.6959e-05
181,1.903e-05
182,1.734e-05
183,1.7489e-05
184,1.661e-05
185,1.797e-05
186,1.865e-05
187,1.828e-05
188,1.917e-05
189,1.834e-05
190,1.971e-05
191,2.103e-05
192,1.8989e-05
193,1.89e-05
194,1.967e-05
195,1.927e-05
196,2.143e-05
197,2.073e-05
198,2.054e-05
199,2.024e-05
200,2.067e-05
201,2.41e-05
202,2.126e-05
203,2.166e-05
204,2.181e-05
205,2.2439e-05
206,2.285e-05
207,2.283e-05
208,2.322e-05
209,2.205e-05
210,2.27e-05
211,2.56e-05
212,2.2659e-05
213,2.306e-05
214,2.405e-05
215,2.329e-05
216,2.439e-05
217,2.5039e-05
218,2.534e-05
219,2.494e-05
220,2.781e-05
221,2.484e-05
222,2.6049e-05
223,2.577e-05
224,2.676e-05
225,2.556e-05
226,2.7099e-05
227,2.657e-05
228,2.987e-05
229,2.9929e-05
230,2.631e-05
231,2.7269e-05
232,2.649e-05
233,2.964e-05
234,2.8449e-05
235,2.7339e-05
236,2.857e-05
237,2.953e-05
238,3.0659e-05
239,2.9509e-05
240,2.94e-05
241,4.305e-05
242,2.9069e-05
243,3.023e-05
244,3.113e-05
245,3.167e-05
246,3.4299e-05
247,3.117e-05
248,3.06e-05
249,3.122e-05
250,3.197e-05
251,3.397e-05
252,3.55e-05
253,4.026e-05
254,4.158e-05
255,3.4419e-05
256,3.318e-05
257,3.3249e-05
258,4.032e-05
259,3.8819e-05
260,3.802e-05
261,3.508e-05
262,3.788e-05
263,3.461e-05
264,3.584e-05
265,3.696e-05
266,3.8969e-05
267,3.688e-05
268,3.724e-05
269,4.04e-05
270,3.7869e-05
271,3.9469e-05
272,3.9489e-05
273,3.8949e-05
274,3.868e-05
275,3.971e-05
276,4.1609e-05
277,3.877e-05
278,4.0019e-05
279,4.216e-05
280,4.0489e-05
281,4.0599e-05
282,3.9689e-05
283,4.3649e-05
284,4.126e-05
285,4.057e-05
286,4.2289e-05
287,4.011e-05
288,4.65e-05
289,4.7049e-05
290,4.6179e-05
291,4.0639e-05
292,4.244e-05
293,4.3409e-05
294,4.1679e-05
295,4.264e-05
296,4.4819e-05
297,4.6189e-05
298,4.3459e-05
299,4.2849e-05
300,4.4659e-05
301,4.8719e-05
302,4.3769e-05
303,4.628e-05
304,4.8049e-05
305,4.543e-05
306,4.4609e-05
307,4.601e-05
308,4.608e-05
309,4.6e-05
310,5.305e-05
311,4.702e-05
312,4.6019e-05
313,4.7339e-05
314,4.741e-05
315,4.7599e-05
316,5.2429e-05
317,5.25e-05
318,5.024e-05
319,4.8389e-05
320,5.215e-05
321,4.9039e-05
322,5.1869e-05
323,5.2559e-05
324,5.3549e-05
325,5.0609e-05
326,5.063e-05
327,5.114e-05
328,5.139e-05
329,5.5799e-05
330,5.231e-05
331,5.448e-05
332,5.232e-05
333,5.217e-05
334,5.268e-05
335,5.6809e-05
336,5.3179e-05
337,5.3539e-05
338,5.967e-05
339,5.8199e-05
340,5.433e-05
341,6.155e-05
342,6.0399e-05
343,5.5139e-05
344,5.9919e-05
345,5.9319e-05
346,5.662e-05
347,6.1659e-05
348,5.858e-05
349,5.763e-05
350,5.8759e-05
351,7.3039e-05
352,6.4039e-05
353,5.8489e-05
354,6.322e-05
355,5.8689e-05
356,6.1239e-05
357,6.0789e-05
358,6.426e-05
359,6.1089e-05
360,7.5519e-05
361,6.728e-05
362,6.2329e-05
363,6.3919e-05
364,6.416e-05
365,6.311e-05
366,6.2349e-05
367,6.7589e-05
368,7.0139e-05
369,7.265e-05
370,6.9889e-05
371,6.7079e-05
372,6.6809e-05
373,6.708e-05
374,7.1849e-05
375,6.8289e-05
376,6.913e-05
377,6.9759e-05
378,7.0629e-05
379,7.4299e-05
380,7.52e-05
381,7.238e-05
382,9.1269e-05
383,7.735e-05
384,7.3369e-05
385,7.8449e-05
386,8.8739e-05
387,8.4739e-05
388,8.8689e-05
389,7.417e-05
390,7.86e-05
391,7.3539e-05
392,7.9249e-05
393,8.2119e-05
394,7.782e-05
395,7.9729e-05
396,7.5719e-05
397,7.5819e-05
398,7.6009e-05
399,7.718e-05
400,7.8409e-05
401,7.9279e-05
402,7.7209e-05
403,7.5439e-05
404,9.9699e-05
405,7.887e-05
406,7.8289e-05
407,7.7409e-05
408,7.6959e-05
409,8.0459e-05
410,8.1139e-05
411,8.3059e-05
412,8.0259e-05
413,8.7769e-05
414,8.3329e-05
415,8.371e-05
416,8.0189e-05
417,8.4579e-05
418,9.5219e-05
419,8.354e-05
420,8.293e-05
421,8.28e-05
422,8.1849e-05
423,8.3849e-05
424,8.5449e-05
425,8.33e-05
426,8.7359e-05
427,8.3969e-05
428,9.0019e-05
429,9.1429e-05
430,8.4749e-05
431,8.5749e-05
432,8.664e-05
433,9.0289e-05
434,8.5659e-05
435,8.7599e-05
436,8.773e-05
437,8.8239e-05
438,0.000100369
439,8.8299e-05
440,8.747e-05
441,8.9919e-05
442,9.3899e-05
443,9.1179e-05
444,0.000123009
445,9.0649e-05
446,9.7019e-05
447,9.391e-05
448,9.7499e-05
449,9.2479e-05
450,9.9599e-05
451,9.6319e-05
452,0.000101179
453,9.5039e-05
454,9.5169e-05
455,9.3979e-05
456,9.7829e-05
457,9.6279e-05
458,9.7759e-05
459,9.596e-05
460,9.8379e-05
461,0.000130289
462,0.000101749
463,0.000104749
464,0.000109719
465,9.8929e-05
466,9.948e-05
467,0.000105559
468,0.000117019
469,0.000109139
470,0.000102149
471,0.000101999
472,0.000105879
473,0.000109209
474,0.000105239
475,0.000122009
476,0.000113089
477,0.000112479
478,0.000104719
479,0.000107409
480,0.000108839
481,0.000106689
482,0.000105649
483,0.000106039
484,0.000108679
485,0.000110359
486,0.000107039
487,0.000108129
488,0.000108559
489,0.000124999
490,0.000109289
491,0.000109509
492,0.000113839
493,0.000118049
494,0.000110199
495,0.000114879
496,0.000118549
497,0.000150659
498,0.000136249
499,0.000122268
500,0.000121659
501,0.000123698
502,0.000139349
503,0.000122709
504,0.000142368
505,0.000125879
506,0.000119069
507,0.000139869
508,0.000131119
509,0.000145359
510,0.000146949
511,0.000125879
512,0.000118959
513,0.000124319
514,0.000156569
515,0.000139309
516,0.000132469
517,0.000126789
518,0.000125369
519,0.000122259
520,0.000136749
521,0.000130729
522,0.000124358
523,0.000122769
524,0.000127348
525,0.000137379
526,0.000124169
527,0.000132879
528,0.000133209
529,0.000130539
530,0.000130599
531,0.000132929
532,0.000131108
533,0.000128559
534,0.000129119
535,0.000141998
536,0.000132299
537,0.000131068
538,0.000153098
539,0.000140879
540,0.000134659
541,0.000131368
542,0.000137469
543,0.000136869
544,0.000134509
545,0.000139098
546,0.000139289
547,0.000182179
548,0.000151809
549,0.000143479
550,0.000141669
551,0.000143348
552,0.000140038
553,0.000139638
554,0.000141689
555,0.000141309
556,0.000145148
557,0.000143249
558,0.000161318
559,0.000141649
560,0.000145599
561,0.000145049
562,0.000142559
563,0.000145279
564,0.000143088
565,0.000150809
566,0.000144909
567,0.000147189
568,0.000151318
569,0.000151328
570,0.000146369
571,0.000148549
572,0.000162689
573,0.000149838
574,0.000159219
575,0.000152379
576,0.000157269
577,0.000153869
578,0.000164629
579,0.000155559
580,0.000163328
581,0.000154468
582,0.000152978
583,0.000157418
584,0.000156939
585,0.000155139
586,0.000184678
587,0.000160919
588,0.000155958
589,0.000155599
590,0.000163718
591,0.000162838
592,0.000157038
593,0.000164318
594,0.000162728
595,0.000166899
596,0.000191318
597,0.000174019
598,0.000165759
599,0.000165628
600,0.000165738
601,0.000172578
602,0.000163968
603,0.000174609
604,0.000173349
605,0.000167988
606,0.000168519
607,0.000171078
608,0.000166228
609,0.000169418
610,0.000214838
611,0.000194168
612,0.000207318
613,0.000190818
614,0.000182328
615,0.000185829
616,0.000170138
617,0.000180238
618,0.000180898
619,0.000174099
620,0.000175289
621,0.000196828
622,0.000175948
623,0.000185188
624,0.000187428
625,0.000183778
626,0.000179648
627,0.000192398
628,0.000179188
629,0.000177628
630,0.000199638
631,0.000184868
632,0.000182778
633,0.000215198
634,0.000193989
635,0.000199678
636,0.000219968
637,0.000192568
638,0.000229178
639,0.000195228
640,0.000191499
641,0.000210418
642,0.000248968
643,0.000202718
644,0.000218428
645,0.000192568
646,0.000192858
647,0.000194938
648,0.000194978
649,0.000211778
650,0.000206008
651,0.000204198
652,0.000222668
653,0.000195378
654,0.000200098
655,0.000204599
656,0.000199538
657,0.000209408
658,0.000233148
659,0.000215258
660,0.000231738
661,0.000211538
662,0.000204238
663,0.000224598
664,0.000203229
665,0.000201448
666,0.000214798
667,0.000210608
668,0.000215888
669,0.000211108
670,0.000205428
671,0.000219418
672,0.000211278
673,0.000229638
674,0.000210578
675,0.000207168
676,0.000228148
677,0.000241547
678,0.000243328
679,0.000222887
680,0.000206588
681,0.000219338
682,0.000210888
683,0.000240938
684,0.000212688
685,0.000225248
686,0.000248288
687,0.000213138
688,0.000250588
689,0.000222308
690,0.000220388
691,0.000251918
692,0.000217738
693,0.000255198
694,0.000272787
695,0.000256817
696,0.000217918
697,0.000220818
698,0.000222808
699,0.000221118
700,0.000241148
701,0.000221138
702,0.000237538
703,0.000221558
704,0.000226228
705,0.000228228
706,0.000255758
707,0.000225588
708,0.000246278
709,0.000226028
710,0.000229038
711,0.000229808
712,0.000238298
713,0.000234748
714,0.000231217
715,0.000229878
716,0.000232228
717,0.000234957
718,0.000233637
719,0.000244607
720,0.000235868
721,0.000236838
722,0.000238177
723,0.000241098
724,0.000241398
725,0.000358277
726,0.000386036
727,0.000390247
728,0.000391727
729,0.000386687
730,0.000385206
731,0.000397196
732,0.000393466
733,0.000396526
734,0.000387856
735,0.000386246
736,0.000417956
737,0.000398936
738,0.000401236
739,0.000396667
740,0.000391716
741,0.000406986
742,0.000379247
743,0.000412856
744,0.000402907
745,0.000416186
746,0.000404867
747,0.000378966
748,0.000405966
749,0.000412586
750,0.000408536
751,0.000417556
752,0.000422116
753,0.000421896
754,0.000419206
755,0.000420536
756,0.000419546
757,0.000451156
758,0.000482956
759,0.000425756
760,0.000424246
761,0.000422616
762,0.000411866
763,0.000433046
764,0.000453166
765,0.000470175
766,0.000484545
767,0.000451046
768,0.000429436
769,0.000432406
770,0.000498775
771,0.000474815
772,0.000429645
773,0.000452686
774,0.000442306
775,0.000445646
776,0.000447265
777,0.000402527
778,0.000450206
779,0.000451205
780,0.000394876
781,0.000435986
782,0.000400856
783,0.000407576
784,0.000397007
785,0.000468255
786,0.000449826
787,0.000466635
788,0.000455086
789,0.000466566
790,0.000469196
791,0.000482106
792,0.000469076
793,0.000472896
794,0.000418756
795,0.000427686
796,0.000474176
797,0.000481985
798,0.000410596
799,0.000574335
800,0.000482536
801,0.000474375
802,0.000560294
803,0.000493615
804,0.000485815
805,0.000492515
806,0.000485136
807,0.000489205
808,0.000494785
809,0.000497995
810,0.000522285
811,0.000508245
812,0.000514945
813,0.000489505
814,0.000486006
815,0.000502536
816,0.000458265
817,0.000501945
818,0.000509015
819,0.000505415
820,0.000503295
821,0.000542015
822,0.000500296
823,0.000503055
824,0.000510905
825,0.000529665
826,0.000531535
827,0.000526415
828,0.000530155
829,0.000455306
830,0.000548665
831,0.000545295
832,0.000555014
833,0.000496675
834,0.000558855
835,0.000523175
836,0.000550605
837,0.000524295
838,0.000510095
839,0.000537885
840,0.000578315
841,0.000706853
842,0.000600074
843,0.000557075
844,0.000563365
845,0.000475726
846,0.000572234
847,0.000559994
848,0.000561094
849,0.000554695
850,0.000553884
851,0.000561594
852,0.000547134
853,0.000605584
854,0.000540625
855,0.000558195
856,0.000580235
857,0.000599934
858,0.000559685
859,0.000569665
860,0.000618054
861,0.000581635
862,0.000574915
863,0.000566235
864,0.000572315
865,0.000576905
866,0.000587884
867,0.000574815
868,0.000602584
869,0.000588184
870,0.000540045
871,0.000581634
872,0.000576774
873,0.000589624
874,0.000583105
875,0.000603984
876,0.000587195
877,0.000604565
878,0.000606414
879,0.000606894
880,0.000631935
881,0.000610814
882,0.000603814
883,0.000612714
884,0.000620454
885,0.000628714
886,0.000654514
887,0.000623005
888,0.000629514
889,0.000617394
890,0.000620584
891,0.000633074
892,0.000637464
893,0.000613025
894,0.000695413
895,0.000644824
896,0.000683214
897,0.000633744
898,0.000710293
899,0.000642114
900,0.000660414
901,0.000654113
902,0.000689024
903,0.000598444
904,0.000676983
905,0.000665404
906,0.000672833
907,0.000654494
908,0.000662013
909,0.000624474
910,0.000746393
911,0.000686113
912,0.000663744
913,0.000672294
914,0.000663024
915,0.000708253
916,0.000669013
917,0.000699103
918,0.000720294
919,0.000700323
920,0.000700693
921,0.000690344
922,0.000691623
923,0.000684354
924,0.000700304
925,0.000701153
926,0.000701483
927,0.000699194
928,0.000727194
929,0.000723404
930,0.000703414
931,0.000707853
932,0.000726253
933,0.000722163
934,0.000728403
935,0.000836952
936,0.000726463
937,0.000743733
938,0.000728993
939,0.000719814
940,0.000743133
941,0.000732323
942,0.000732133
943,0.000804773
944,0.000767133
945,0.000743343
946,0.000743283
947,0.000753503
948,0.000760003
949,0.000784603
950,0.000791593
951,0.000770022
952,0.000760843
953,0.000779352
954,0.000792172
955,0.000782352
956,0.000779743
957,0.000778973
958,0.000821302
959,0.000776313
960,0.000806023
961,0.000793283
962,0.000769082
963,0.000783233
964,0.000822343
965,0.000816662
966,0.000808583
967,0.000827362
968,0.000863172
969,0.000817653
970,0.000816483
971,0.000815413
972,0.000808043
973,0.000852072
974,0.000816162
975,0.000832042
976,0.000841102
977,0.000852343
978,0.000874952
979,0.000863252
980,0.000978951
981,0.000844602
982,0.000850913
983,0.000859182
984,0.000866112
985,0.000851612
986,0.000859572
987,0.000852102
988,0.000874672
989,0.000919212
990,0.000906331
991,0.000889862
992,0.000896662
993,0.000905002
994,0.000878822
995,0.000840562
996,0.000882772
997,0.000887342
998,0.000911671
999,0.000905292
1000,0.000898302
1001,0.000913112
1002,0.000914572
1003,0.000907752
1004,0.000928862
1005,0.000897342
1006,0.000934591
1007,0.000908551
1008,0.001046
1009,0.000953151
1010,0.000963531
1011,0.000936961
1012,0.000928752
1013,0.000981211
1014,0.000949041
1015,0.000942721
1016,0.000936382
1017,0.000956361
1018,0.000925591
1019,0.00099892
1020,0.000960132
1021,0.000989591
1022,0.00107127
1023,0.000980641
1024,0.000984171
1025,0.0009778
1026,0.00105008
1027,0.00100535
1028,0.000993621
1029,0.000979841
1030,0.000990591
1031,0.00106406
1032,0.00100752
1033,0.00105051
1034,0.00100607
1035,0.00105197
1036,0.00103834
1037,0.00100936
1038,0.00102512
1039,0.00109692
1040,0.00103853
1041,0.00102568
1042,0.00104702
1043,0.00103648
1044,0.00107978
1045,0.00107111
1046,0.00106724
1047,0.00108081
1048,0.00108604
1049,0.0010821
1050,0.00107686
1051,0.00108785
1052,0.00106897
1053,0.00110074
1054,0.00111701
1055,0.00108836
1056,0.00112765
1057,0.00109292
1058,0.00110704
1059,0.00108376
1060,0.00112297
1061,0.00108964
1062,0.00112062
1063,0.00122185
1064,0.00114211
1065,0.00120789
1066,0.00127849
1067,0.00121854
1068,0.00115504
1069,0.00111301
1070,0.00109286
1071,0.00112451
1072,0.00115778
1073,0.00116106
1074,0.00118789
1075,0.00117434
1076,0.00115305
1077,0.00115396
1078,0.00118248
1079,0.00118239
1080,0.0011576
1081,0.00114757
1082,0.0011974
1083,0.00118523
1084,0.0011911
1085,0.00117527
1086,0.0012261
1087,0.0012066
1088,0.00121232
1089,0.00129462
1090,0.00128813
1091,0.00122658
1092,0.00122823
1093,0.00122125
1094,0.00126626
1095,0.00123289
1096,0.00133146
1097,0.00133263
1098,0.00126132
1099,0.00123837
1100,0.00125347
1101,0.00133576
1102,0.00131426
1103,0.0013314
1104,0.00126202
1105,0.00133103
1106,0.00128378
1107,0.00124745
1108,0.00127152
1109,0.00139588
1110,0.00135373
1111,0.00130479
1112,0.00132843
1113,0.00132063
1114,0.0013034
1115,0.00134317
1116,0.00138699
1117,0.00132382
1118,0.00126599
1119,0.00132725
1120,0.00133631
1121,0.00134578
1122,0.00137218
1123,0.00136804
1124,0.00132389
1125,0.00140727
1126,0.0014045
1127,0.00139835
1128,0.00134852
1129,0.00138099
1130,0.00137766
1131,0.00136793
1132,0.00139296
1133,0.00139913
1134,0.00137139
1135,0.00135416
1136,0.00142877
1137,0.00140337
1138,0.0014059
1139,0.00141861
1140,0.00139749
1141,0.00139985
1142,0.00147751
1143,0.00142168
1144,0.00144913
1145,0.00143172
1146,0.00147878
1147,0.00149522
1148,0.00148819
1149,0.00146308
1150,0.00153731
1151,0.00144341
1152,0.00150983
1153,0.00167179
1154,0.00160214
1155,0.00155086
1156,0.00153756
1157,0.00151302
1158,0.0015331
1159,0.00150854
1160,0.00150971
1161,0.00156059
1162,0.00152443
1163,0.0015984
1164,0.00161226
1165,0.00176545
1166,0.00171444
1167,0.00158089
1168,0.00168312
1169,0.00154241
1170,0.0015318
1171,0.00155476
1172,0.00155303
1173,0.00158774
1174,0.00157015
1175,0.00155145
1176,0.00156305
1177,0.00155646
1178,0.00163504
1179,0.00158787
1180,0.00156214
1181,0.00164024
1182,0.00161503
1183,0.00161294
1184,0.00158913
1185,0.00162225
1186,0.00161944
1187,0.00158357
1188,0.0016839
1189,0.00163642
1190,0.00162818
1191,0.00161784
1192,0.00165198
1193,0.00165449
1194,0.00164089
1195,0.00168397
1196,0.0016821
1197,0.00176402
1198,0.00168781
1199,0.00165868
1200,0.00169041
1201,0.0017872
1202,0.00171499
1203,0.00167996
1204,0.00170381
1205,0.00168975
1206,0.00170722
1207,0.0017447
1208,0.00177531
1209,0.00171781
1210,0.00174416
1211,0.00172191
1212,0.00173178
1213,0.00175739
1214,0.00175438
1215,0.00179159
1216,0.00181782
1217,0.00178732
1218,0.00177285
1219,0.00178971
1220,0.00176666
1221,0.00183041
1222,0.00179376
1223,0.00176093
1224,0.00180651
1225,0.00176599
1226,0.00179788
1227,0.00179591
1228,0.00180337
1229,0.00178198
1230,0.00184291
1231,0.00181792
1232,0.00182716
1233,0.00180369
1234,0.00181876
1235,0.00184599
1236,0.00190811
1237,0.00182955
1238,0.00188612
1239,0.00186826
1240,0.00185948
1241,0.00203705
1242,0.00191159
1243,0.00186212
1244,0.00188262
1245,0.00192604
1246,0.00186673
1247,0.00189648
1248,0.00198408
1249,0.00195359
1250,0.00190399
1251,0.00200694
1252,0.00192381
1253,0.00192916
1254,0.00194012
1255,0.00192578
1256,0.00193655
1257,0.00191358
1258,0.00197093
1259,0.00192592
1260,0.00193878
1261,0.0019888
1262,0.00197924
1263,0.00201391
1264,0.00197122
1265,0.00197514
1266,0.0020301
1267,0.00196964
1268,0.00199703
1269,0.00198149
1270,0.00200495
1271,0.00195686
1272,0.00199404
1273,0.00196645
1274,0.00200347
1275,0.00199502
1276,0.00203804
1277,0.00204305
1278,0.0021198
1279,0.00201387
1280,0.00203441
1281,0.00204324
1282,0.0021007
1283,0.00208893
1284,0.00208031
1285,0.00203098
1286,0.00210501
1287,0.00209145
1288,0.00210562
1289,0.00206525
1290,0.00208786
1291,0.00208092
1292,0.00208456
1293,0.00211497
1294,0.00211502
1295,0.00210286
1296,0.00211504
1297,0.00218731
1298,0.00213499
1299,0.00210224
1300,0.00217482
1301,0.0021331
1302,0.00214781
1303,0.00215391
1304,0.00219007
1305,0.00216381
1306,0.00217504
1307,0.00215322
1308,0.00217019
1309,0.00220659
1310,0.00217204
1311,0.00217936
1312,0.00218557
1313,0.00217713
1314,0.00219552
1315,0.00221084
1316,0.00224236
1317,0.0022103
1318,0.00223145
1319,0.00222101
1320,0.00223648
1321,0.00223491
1322,0.00230226
1323,0.00225528
1324,0.00226836
1325,0.002256
1326,0.0022513
1327,0.00227446
1328,0.00226299
1329,0.00226386
1330,0.0022993
1331,0.0022996
1332,0.00227453
1333,0.00223741
1334,0.00231907
1335,0.00228813
1336,0.00236762
1337,0.00228274
1338,0.0023006
1339,0.00230083
1340,0.00229957
1341,0.00224237
1342,0.0021206
1343,0.00218851
1344,0.00212874
1345,0.00215258
1346,0.00218274
1347,0.00213607
1348,0.00214125
1349,0.00214942
1350,0.00217679
1351,0.00214927
1352,0.00216286
1353,0.00215716
1354,0.00218508
1355,0.00218271
1356,0.00215424
1357,0.00214758
1358,0.00226683
1359,0.00246351
1360,0.00246848
1361,0.0023925
1362,0.00244179
1363,0.0024244
1364,0.00243684
1365,0.0024382
1366,0.00245892
1367,0.00241819
1368,0.00243861
1369,0.00244943
1370,0.00246233
1371,0.00246246
1372,0.0024657
1373,0.00250563
1374,0.00255772
1375,0.00245478
1376,0.00250696
1377,0.00244606
1378,0.00248503
1379,0.00249715
1380,0.00248754
1381,0.00248461
1382,0.00249658
1383,0.00248174
1384,0.00242433
1385,0.00223638
1386,0.00224626
1387,0.00230444
1388,0.00226773
1389,0.0022652
1390,0.00228411
1391,0.0022676
1392,0.00235834
1393,0.00237039
1394,0.00240983
1395,0.00240852
1396,0.00253514
1397,0.00257013
1398,0.00259674
1399,0.00258696
1400,0.00259044
1401,0.00257914
1402,0.00260824
1403,0.00257576
1404,0.00260823
1405,0.00260107
1406,0.00265713
1407,0.00262012
1408,0.00262535
1409,0.00261916
1410,0.00267543
1411,0.00263672
1412,0.00256495
1413,0.00262601
1414,0.00264761
1415,0.00265168
1416,0.00270761
1417,0.00235276
1418,0.00237573
1419,0.00237866
1420,0.00238753
1421,0.00253254
1422,0.00258122
1423,0.00263558
1424,0.00269602
1425,0.00270475
1426,0.00272524
1427,0.00280594
1428,0.00271956
1429,0.00271827
1430,0.00276421
1431,0.00271835
1432,0.00279112
1433,0.00272772
1434,0.00276337
1435,0.00272475
1436,0.00267123
1437,0.00252485
1438,0.00255807
1439,0.00272622
1440,0.00278629
1441,0.0027935
1442,0.00278898
1443,0.00286639
1444,0.00280807
1445,0.00278674
1446,0.0028135
1447,0.00279144
1448,0.00280522
1449,0.0115105
1450,0.0108112
1451,0.0109368
1452,0.0107386
1453,0.0110351
1454,0.0107866
1455,0.0108787
1456,0.0107842
1457,0.0109903
1458,0.0109582
1459,0.0109701
1460,0.0111568
1461,0.0109895
1462,0.0109832
1463,0.0111302
1464,0.0110539
1465,0.0110681
1466,0.0110986
1467,0.0110952
1468,0.0111139
1469,0.0111846
1470,0.0111525
1471,0.0111792
1472,0.0114949
1473,0.0116493
1474,0.0114063
1475,0.011201
1476,0.0113224
1477,0.0112524
1478,0.0113482
1479,0.0112139
1480,0.011317
1481,0.0113075
1482,0.0113914
1483,0.0116836
1484,0.0115697
1485,0.0115416
1486,0.0114388
1487,0.0114119
1488,0.0114676
1489,0.0114624
1490,0.0115396
1491,0.0115787
1492,0.0117555
1493,0.0116788
1494,0.0116265
1495,0.0115791
1496,0.0115082
1497,0.0115059
1498,0.0115933
1499,0.0115437
1500,0.0116128
