size,time_seconds
2,3.2e-07
3,9e-08
4,1e-07
5,7e-08
6,1.1e-07
7,7e-08
8,9e-08
9,9e-08
10,1.6e-07
11,1.5e-07
12,2.5e-07
13,1e-07
14,1.1e-07
15,1.1e-07
16,1e-07
17,1.9e-07
18,1.3e-07
19,1.5e-07
20,3.3e-07
21,1.7e-07
22,2.5e-07
23,3.4e-07
24,2.2e-07
25,3.8e-07
26,3.7e-07
27,4.3e-07
28,5.8e-07
29,2.7e-07
30,6e-07
31,7.1e-07
32,4.9e-07
33,3.8e-07
34,4.4e-07
35,5e-07
36,4.8e-07
37,4.3e-07
38,5.7e-07
39,6.5e-07
40,5.8e-07
41,6.6e-07
42,8.7e-07
43,9.3e-07
44,9.6e-07
45,8.1e-07
46,7.9e-07
47,9.4e-07
48,8.7e-07
49,9.5e-07
50,9.3e-07
51,9e-07
52,1.31e-06
53,1.1e-06
54,1.36e-06
55,1.06e-06
56,1.31e-06
57,1.36e-06
58,1.27e-06
59,1.33e-06
60,1.73e-06
61,1.53e-06
62,1.42e-06
63,1.45e-06
64,1.55e-06
65,1.62e-06
66,2.03e-06
67,1.79e-06
68,2.06e-06
69,1.78e-06
70,1.9e-06
71,1.96e-06
72,2.07e-06
73,2e-06
74,2.32e-06
75,2.11e-06
76,2.14e-06
77,2.15e-06
78,2.41e-06
79,2.45e-06
80,2.8e-06
81,2.51e-06
82,2.48e-06
83,2.59e-06
84,2.62e-06
85,2.58e-06
86,2.8e-06
87,3.14e-06
88,2.91e-06
89,3.02e-06
90,2.87e-06
91,3.18e-06
92,3.25e-06
93,3.23e-06
94,3.22e-06
95,3.47e-06
96,3.77e-06
97,3.48e-06
98,3.65e-06
99,3.67e-06
100,3.74e-06
101,3.8e-06
102,3.81e-06
103,3.91e-06
104,4.18e-06
105,4.07e-06
106,4.32e-06
107,4.26e-06
108,4.24e-06
109,4.32e-06
110,4.39e-06
111,4.62e-06
112,4.55e-06
113,4.7e-06
114,4.68e-06
115,4.85e-06
116,4.76e-06
117,5.2e-06
118,5.09e-06
119,5.13e-06
120,5.29e-06
121,5.76e-06
122,5.55e-06
123,6.04e-06
124,5.84e-06
125,6.18e-06
126,7.46e-06
127,5.75e-06
128,6.08e-06
129,5.97e-06
130,7.4e-06
131,6.44e-06
132,7.01e-06
133,6.36e-06
134,6.49e-06
135,6.45e-06
136,7.17e-06
137,6.97e-06
138,6.97e-06
139,7.21e-06
140,6.73e-06
141,7.2e-06
142,6.969e-06
143,6.99e-06
144,7.23e-06
145,7.21e-06
146,7.739e-06
147,7.44e-06
148,7.48e-06
149,7.6e-06
150,8.03e-06
151,8.6e-06
152,8.4e-06
153,8.08e-06
154,1.6959e-05
155,9.29e-06
156,8.79e-06
157,9.14e-06
158,9.02e-06
159,9.61e-06
160,9.389e-06
161,9.18e-06
162,9.58e-06
163,9.79e-06
164,1.005e-05
165,9.86e-06
166,1.061e-05
167,1.0359e-05
168,1.033e-05
169,1.064e-05
170,1.049e-05
171,1.066e-05
172,1.124e-05
173,1.095e-05
174,1.396e-05
175,1.154e-05
176,1.14e-05
177,1.1589e-05
178,1.179e-05
179,1.188e-05
180,1.248e-05
181,1.243e-05
182,1.264e-05
183,1.244e-05
184,1.268e-05
185,1.342e-05
186,1.2899e-05
187,1.344e-05
188,1.465e-05
189,1.335e-05
190,1.447e-05
191,1.407e-05
192,1.401e-05
193,1.401e-05
194,1.532e-05
195,1.4499e-05
196,1.626e-05
197,1.454e-05
198,1.556e-05
199,1.534e-05
200,1.565e-05
201,1.5829e-05
202,1.555e-05
203,1.59e-05
204,1.97e-05
205,1.688e-05
206,1.649e-05
207,1.698e-05
208,1.687e-05
209,1.72e-05
210,1.761e-05
211,1.7469e-05
212,1.778e-05
213,1.812e-05
214,1.814e-05
215,1.819e-05
216,1.878e-05
217,1.8139e-05
218,1.8229e-05
219,1.911e-05
220,1.9629e-05
221,1.969e-05
222,1.947e-05
223,2.038e-05
224,2.038e-05
225,2.5589e-05
226,2.124e-05
227,2.084e-05
228,2.152e-05
229,2.047e-05
230,2.079e-05
231,2.191e-05
232,2.338e-05
233,2.431e-05
234,2.2409e-05
235,2.245e-05
236,2.1759e-05
237,2.279e-05
238,2.212e-05
239,2.272e-05
240,2.3469e-05
241,2.312e-05
242,2.364e-05
243,2.384e-05
244,2.401e-05
245,2.4909e-05
246,2.394e-05
247,2.49e-05
248,2.44e-05
249,2.4749e-05
250,2.526e-05
251,2.5699e-05
252,3.182e-05
253,3.349e-05
254,3.414e-05
255,2.5799e-05
256,2.623e-05
257,2.642e-05
258,3.193e-05
259,3.136e-05
260,3.1529e-05
261,3.044e-05
262,2.756e-05
263,2.751e-05
264,2.891e-05
265,3.771e-05
266,2.921e-05
267,2.888e-05
268,2.9059e-05
269,2.995e-05
270,3.094e-05
271,3.0139e-05
272,3.056e-05
273,3.146e-05
274,3.0639e-05
275,3.107e-05
276,3.075e-05
277,3.127e-05
278,3.149e-05
279,3.346e-05
280,3.2219e-05
281,3.254e-05
282,3.217e-05
283,3.26e-05
284,3.8409e-05
285,3.311e-05
286,3.32e-05
287,3.326e-05
288,3.429e-05
289,3.469e-05
290,3.391e-05
291,3.4919e-05
292,3.5e-05
293,3.8149e-05
294,3.488e-05
295,4.4e-05
296,3.431e-05
297,3.4239e-05
298,3.504e-05
299,3.472e-05
300,3.5269e-05
301,3.611e-05
302,3.569e-05
303,3.572e-05
304,3.8069e-05
305,3.619e-05
306,3.629e-05
307,3.831e-05
308,3.7079e-05
309,3.868e-05
310,3.735e-05
311,3.746e-05
312,3.8009e-05
313,3.8049e-05
314,4.2029e-05
315,3.8429e-05
316,4.364e-05
317,3.9179e-05
318,4.145e-05
319,3.9929e-05
320,4.21e-05
321,3.989e-05
322,4.282e-05
323,4.052e-05
324,4.476e-05
325,4.0699e-05
326,4.124e-05
327,4.249e-05
328,4.14e-05
329,4.163e-05
330,4.5859e-05
331,4.2999e-05
332,4.246e-05
333,4.397e-05
334,4.319e-05
335,4.377e-05
336,4.4e-05
337,4.5869e-05
338,4.84e-05
339,4.48e-05
340,4.482e-05
341,4.9259e-05
342,4.593e-05
343,4.56e-05
344,4.6369e-05
345,4.6949e-05
346,4.6559e-05
347,4.798e-05
348,5.6629e-05
349,4.675e-05
350,4.7239e-05
351,4.788e-05
352,4.88e-05
353,4.8319e-05
354,4.838e-05
355,4.914e-05
356,5.056e-05
357,5.1479e-05
358,4.9989e-05
359,5.0459e-05
360,5.46e-05
361,5.1289e-05
362,5.0749e-05
363,7.262e-05
364,5.2189e-05
365,5.316e-05
366,5.1739e-05
367,5.3829e-05
368,5.356e-05
369,5.683e-05
370,5.6049e-05
371,5.5289e-05
372,5.504e-05
373,5.569e-05
374,5.6069e-05
375,5.6199e-05
376,5.658e-05
377,5.675e-05
378,6.308e-05
379,5.838e-05
380,6.2559e-05
381,6.0549e-05
382,8.3149e-05
383,8.463e-05
384,7.0259e-05
385,6.3609e-05
386,7.5569e-05
387,6.296e-05
388,6.773e-05
389,6.264e-05
390,6.4609e-05
391,6.3149e-05
392,6.808e-05
393,6.2889e-05
394,6.3079e-05
395,6.6649e-05
396,6.2119e-05
397,6.2769e-05
398,6.7139e-05
399,6.8699e-05
400,6.4279e-05
401,6.703e-05
402,6.456e-05
403,6.9119e-05
404,6.306e-05
405,6.2959e-05
406,6.4719e-05
407,6.57e-05
408,6.879e-05
409,6.4669e-05
410,6.436e-05
411,6.563e-05
412,7.0859e-05
413,6.5799e-05
414,6.9469e-05
415,6.6569e-05
416,7.195e-05
417,6.804e-05
418,6.7499e-05
419,6.7469e-05
420,7.4669e-05
421,6.8759e-05
422,6.942e-05
423,6.9599e-05
424,7.0149e-05
425,7.325e-05
426,7.0369e-05
427,7.1349e-05
428,7.0719e-05
429,7.3779e-05
430,7.5459e-05
431,7.1619e-05
432,7.256e-05
433,7.2169e-05
434,7.446e-05
435,7.327e-05
436,8.2449e-05
437,7.4789e-05
438,7.4299e-05
439,7.8849e-05
440,7.5329e-05
441,7.7439e-05
442,7.6069e-05
443,7.5529e-05
444,8.2999e-05
445,7.653e-05
446,8.2679e-05
447,9.8449e-05
448,7.858e-05
449,7.7639e-05
450,8.4629e-05
451,7.846e-05
452,8.64e-05
453,7.9539e-05
454,8.0129e-05
455,8.2109e-05
456,8.1089e-05
457,8.092e-05
458,8.0169e-05
459,8.1349e-05
460,8.202e-05
461,8.2869e-05
462,8.6169e-05
463,8.2859e-05
464,0.000112169
465,8.9579e-05
466,8.7469e-05
467,8.8119e-05
468,8.644e-05
469,0.000102499
470,0.000116889
471,9.2269e-05
472,8.9439e-05
473,9.5899e-05
474,8.9749e-05
475,8.9669e-05
476,9.3329e-05
477,9.0679e-05
478,0.000100039
479,9.1929e-05
480,9.2599e-05
481,9.2359e-05
482,8.865e-05
483,9.2709e-05
484,9.6659e-05
485,9.0849e-05
486,9.0569e-05
487,9.5669e-05
488,9.3289e-05
489,0.000102639
490,9.2209e-05
491,9.2659e-05
492,9.3029e-05
493,9.2859e-05
494,9.3069e-05
495,0.000111149
496,0.000120499
497,0.000194248
498,0.000162808
499,0.000183049
500,0.000201028
501,0.000161849
502,0.000209138
503,0.000122159
504,0.000305537
505,0.000312867
506,0.000230408
507,0.000166988
508,0.000150578
509,0.000150609
510,0.000143429
511,0.000131549
512,0.000113939
513,0.000109569
514,0.000128599
515,0.000127709
516,0.000115059
517,0.000109719
518,0.000106799
519,0.000143689
520,0.000126909
521,0.000105009
522,0.000106839
523,0.000105449
524,0.000116489
525,0.000119689
526,0.000110469
527,0.000108859
528,0.000110999
529,0.000109639
530,0.000107449
531,0.000107628
532,0.000113788
533,0.000113469
534,0.000110799
535,0.000120099
536,0.000128489
537,0.000111139
538,0.000111329
539,0.000112319
540,0.000116159
541,0.000113209
542,0.000124949
543,0.000117809
544,0.000160098
545,0.000130479
546,0.000120648
547,0.000118519
548,0.000224388
549,0.000128958
550,0.000119349
551,0.000147318
552,0.000118779
553,0.000116429
554,0.000117739
555,0.000124838
556,0.000118279
557,0.000124599
558,0.000120409
559,0.000122199
560,0.000121189
561,0.000121029
562,0.000146898
563,0.000123329
564,0.000121549
565,0.000128419
566,0.000134948
567,0.000127419
568,0.000124049
569,0.000123458
570,0.000130459
571,0.000129369
572,0.000137718
573,0.000138328
574,0.000135948
575,0.000126209
576,0.000129988
577,0.000138349
578,0.000137549
579,0.000143799
580,0.000148259
581,0.000129429
582,0.000130509
583,0.000194228
584,0.000134589
585,0.000132009
586,0.000131088
587,0.000140389
588,0.000132459
589,0.000136819
590,0.000138309
591,0.000134149
592,0.000140389
593,0.000147569
594,0.000135329
595,0.000137249
596,0.000135889
597,0.000141559
598,0.000137989
599,0.000141839
600,0.000144229
601,0.000140289
602,0.000138829
603,0.000170859
604,0.000144959
605,0.000142519
606,0.000147168
607,0.000142069
608,0.000172538
609,0.000158008
610,0.000151439
611,0.000147899
612,0.000158338
613,0.000153029
614,0.000144478
615,0.000159018
616,0.000146668
617,0.000153978
618,0.000166718
619,0.000147558
620,0.000147529
621,0.000159468
622,0.000153258
623,0.000154249
624,0.000157518
625,0.000151099
626,0.000150858
627,0.000157889
628,0.000156219
629,0.000152529
630,0.000186518
631,0.000153769
632,0.000158579
633,0.000183068
634,0.000162249
635,0.000164168
636,0.000178358
637,0.000186218
638,0.000193468
639,0.000184338
640,0.000167849
641,0.000172558
642,0.000205488
643,0.000166798
644,0.000180818
645,0.000165088
646,0.000165379
647,0.000200388
648,0.000188928
649,0.000190868
650,0.000176278
651,0.000163958
652,0.000177738
653,0.000165389
654,0.000166198
655,0.000177608
656,0.000168539
657,0.000171308
658,0.000183218
659,0.000168838
660,0.000184058
661,0.000171468
662,0.000171328
663,0.000185578
664,0.000176639
665,0.000171728
666,0.000190148
667,0.000176178
668,0.000200768
669,0.000174398
670,0.000178189
671,0.000187268
672,0.000181398
673,0.000194478
674,0.000178228
675,0.000206838
676,0.000200168
677,0.000178048
678,0.000200508
679,0.000203768
680,0.000190008
681,0.000195918
682,0.000192758
683,0.000198378
684,0.000182288
685,0.000183948
686,0.000243818
687,0.000189718
688,0.000257018
689,0.000187798
690,0.000227688
691,0.000203418
692,0.000187618
693,0.000306727
694,0.000198008
695,0.000204358
696,0.000196328
697,0.000194288
698,0.000195398
699,0.000191108
700,0.000214518
701,0.000193098
702,0.000215608
703,0.000199148
704,0.000196208
705,0.000249457
706,0.000216808
707,0.000201838
708,0.000212978
709,0.000196948
710,0.000203848
711,0.000198898
712,0.000198578
713,0.000200838
714,0.000205268
715,0.000204438
716,0.000238768
717,0.000209988
718,0.000205178
719,0.000209898
720,0.000209468
721,0.000206368
722,0.000208798
723,0.000270948
724,0.000258158
725,0.000369646
726,0.000365316
727,0.000373996
728,0.000368606
729,0.000371236
730,0.000376556
731,0.000383906
732,0.000383016
733,0.000379386
734,0.000373757
735,0.000371176
736,0.000384547
737,0.000385166
738,0.000384457
739,0.000416346
740,0.000392506
741,0.000395016
742,0.000390856
743,0.000392426
744,0.000396556
745,0.000400816
746,0.000405526
747,0.000411566
748,0.000404526
749,0.000444625
750,0.000358876
751,0.000401196
752,0.000411056
753,0.000400956
754,0.000441995
755,0.000485485
756,0.000401576
757,0.000400847
758,0.000407746
759,0.000426635
760,0.000413546
761,0.000410346
762,0.000417016
763,0.000431706
764,0.000419736
765,0.000455476
766,0.000469675
767,0.000417545
768,0.000415656
769,0.000355607
770,0.000487925
771,0.000472045
772,0.000441815
773,0.000428166
774,0.000429385
775,0.000438476
776,0.000452326
777,0.000441096
778,0.000443976
779,0.000449146
780,0.000425306
781,0.000381957
782,0.000442465
783,0.000445335
784,0.000439566
785,0.000447596
786,0.000440866
787,0.000476026
788,0.000448196
789,0.000443366
790,0.000430335
791,0.000458745
792,0.000448046
793,0.000489475
794,0.000480875
795,0.000422966
796,0.000453046
797,0.000456746
798,0.000459086
799,0.000467115
800,0.000461836
801,0.000465446
802,0.000474396
803,0.000394846
804,0.000465625
805,0.000464476
806,0.000460146
807,0.000469685
808,0.000477176
809,0.000480725
810,0.000475495
811,0.000481235
812,0.000474706
813,0.000478925
814,0.000473606
815,0.000481766
816,0.000485755
817,0.000509205
818,0.000436866
819,0.000487115
820,0.000488675
821,0.000540244
822,0.000505895
823,0.000594395
824,0.000546984
825,0.000496135
826,0.000497335
827,0.000420656
828,0.000604154
829,0.000527855
830,0.000522325
831,0.000514805
832,0.000528624
833,0.000483175
834,0.000522275
835,0.000477625
836,0.000524045
837,0.000468795
838,0.000528105
839,0.000531274
840,0.000523755
841,0.000528945
842,0.000531615
843,0.000530134
844,0.000532365
845,0.000522305
846,0.000471606
847,0.000557265
848,0.000555835
849,0.000537125
850,0.000534455
851,0.000556424
852,0.000537105
853,0.000537545
854,0.000539305
855,0.000652134
856,0.000562145
857,0.000562474
858,0.000620544
859,0.000568605
860,0.000571594
861,0.000563424
862,0.000555085
863,0.000562184
864,0.000498975
865,0.000573435
866,0.000579715
867,0.000565064
868,0.000548694
869,0.000611084
870,0.000615553
871,0.000612734
872,0.000580304
873,0.000589744
874,0.000582684
875,0.000596484
876,0.000619474
877,0.000603965
878,0.000548034
879,0.000593685
880,0.000534205
881,0.000613914
882,0.000585274
883,0.000617374
884,0.000606504
885,0.000621414
886,0.000567504
887,0.000617184
888,0.000648244
889,0.000608154
890,0.000588814
891,0.000611254
892,0.000581864
893,0.000661673
894,0.000669114
895,0.000644594
896,0.000625324
897,0.000628374
898,0.000675993
899,0.000637194
900,0.000593884
901,0.000628344
902,0.000621424
903,0.000628124
904,0.000650763
905,0.000640454
906,0.000627494
907,0.000661303
908,0.000647874
909,0.000634454
910,0.000737292
911,0.000667683
912,0.000704763
913,0.000666763
914,0.000665644
915,0.000682513
916,0.000767072
917,0.000723713
918,0.000702173
919,0.000686014
920,0.000682843
921,0.000692933
922,0.000668853
923,0.000680443
924,0.000712723
925,0.000690293
926,0.000682724
927,0.000695983
928,0.000706033
929,0.000739923
930,0.000655373
931,0.000714923
932,0.000718173
933,0.000688714
934,0.000686163
935,0.000721703
936,0.000722033
937,0.000703363
938,0.000714453
939,0.000712453
940,0.000718703
941,0.000756503
942,0.000724603
943,0.000737453
944,0.000739023
945,0.000724773
946,0.000684113
947,0.000753752
948,0.000758772
949,0.000743372
950,0.000752803
951,0.000770903
952,0.000725513
953,0.000743223
954,0.000757963
955,0.000769082
956,0.000966931
957,0.000855761
958,0.000835242
959,0.000778633
960,0.000783532
961,0.000802702
962,0.000802983
963,0.000786122
964,0.000781092
965,0.000784903
966,0.000810732
967,0.000773793
968,0.000805682
969,0.000804452
970,0.000805642
971,0.000802942
972,0.000811212
973,0.000800422
974,0.000723783
975,0.000822062
976,0.000833132
977,0.000817402
978,0.000812142
979,0.000820522
980,0.000818082
981,0.000818732
982,0.000831342
983,0.000827422
984,0.00101741
985,0.000927101
986,0.000861752
987,0.000856401
988,0.000844872
989,0.000875201
990,0.000925591
991,0.000894132
992,0.000889962
993,0.000859102
994,0.000864682
995,0.000869172
996,0.000887841
997,0.000878592
998,0.000870621
999,0.00097097
1000,0.000954651
1001,0.000918251
1002,0.000893281
1003,0.000922811
1004,0.000905251
1005,0.000945641
1006,0.000927401
1007,0.000905331
1008,0.000904281
1009,0.000908041
1010,0.000933021
1011,0.000925251
1012,0.000963471
1013,0.00095688
1014,0.000903271
1015,0.000916142
1016,0.00095061
1017,0.000938071
1018,0.00094106
1019,0.00103491
1020,0.00097494
1021,0.00096103
1022,0.000993181
1023,0.00098599
1024,0.00102209
1025,0.00099082
1026,0.00102884
1027,0.00098726
1028,0.00100034
1029,0.00100238
1030,0.000964921
1031,0.000971611
1032,0.0010193
1033,0.000977671
1034,0.00097066
1035,0.00101119
1036,0.00101408
1037,0.00098416
1038,0.00101704
1039,0.00100133
1040,0.00099524
1041,0.00104319
1042,0.00102521
1043,0.00100127
1044,0.00103301
1045,0.00102642
1046,0.00103512
1047,0.00099059
1048,0.00120447
1049,0.00113306
1050,0.00108021
1051,0.00101072
1052,0.00106654
1053,0.00118434
1054,0.00111553
1055,0.00115221
1056,0.00113664
1057,0.00109529
1058,0.00107012
1059,0.00109723
1060,0.00113545
1061,0.00112896
1062,0.00116447
1063,0.00114553
1064,0.00117719
1065,0.00115447
1066,0.0011053
1067,0.00113384
1068,0.00113865
1069,0.0011419
1070,0.00132311
1071,0.00139854
1072,0.00115897
1073,0.0011555
1074,0.00120863
1075,0.00116985
1076,0.00118527
1077,0.00117405
1078,0.00129056
1079,0.00123937
1080,0.00119515
1081,0.00118084
1082,0.00115726
1083,0.00124176
1084,0.00123932
1085,0.00122981
1086,0.00121425
1087,0.00126701
1088,0.0012412
1089,0.00124809
1090,0.00132206
1091,0.00126586
1092,0.00123727
1093,0.00119744
1094,0.00131007
1095,0.00124459
1096,0.00126927
1097,0.00124697
1098,0.00126702
1099,0.00126573
1100,0.00135321
1101,0.00133028
1102,0.00127534
1103,0.00129874
1104,0.00127009
1105,0.00142669
1106,0.00131885
1107,0.00130406
1108,0.00133967
1109,0.00144728
1110,0.00139168
1111,0.00133165
1112,0.00134741
1113,0.00131112
1114,0.00132111
1115,0.00129889
1116,0.00134853
1117,0.00137068
1118,0.00146263
1119,0.00139212
1120,0.00136816
1121,0.00134669
1122,0.00135636
1123,0.00137054
1124,0.00135165
1125,0.0013947
1126,0.00136988
1127,0.00137172
1128,0.00138796
1129,0.00149858
1130,0.00143708
1131,0.00142079
1132,0.00141272
1133,0.00147675
1134,0.0014059
1135,0.00140434
1136,0.0014546
1137,0.00147021
1138,0.00149854
1139,0.00143155
1140,0.00146758
1141,0.00143135
1142,0.00146816
1143,0.00148658
1144,0.00143179
1145,0.00147213
1146,0.00145956
1147,0.00146043
1148,0.00150149
1149,0.00140537
1150,0.00152445
1151,0.00146445
1152,0.00149976
1153,0.00147612
1154,0.00156222
1155,0.00149392
1156,0.00158856
1157,0.00150625
1158,0.00152244
1159,0.0015388
1160,0.00160398
1161,0.00155176
1162,0.00154528
1163,0.0015422
1164,0.00152564
1165,0.00149688
1166,0.00156844
1167,0.00157677
1168,0.00159009
1169,0.00157037
1170,0.00175423
1171,0.0017015
1172,0.00171705
1173,0.00169211
1174,0.00165755
1175,0.00176992
1176,0.00177522
1177,0.00173293
1178,0.0017204
1179,0.00176081
1180,0.00171091
1181,0.00169872
1182,0.00178391
1183,0.00171764
1184,0.00171943
1185,0.00171841
1186,0.00172243
1187,0.00170156
1188,0.00168223
1189,0.00163393
1190,0.00164405
1191,0.00167455
1192,0.00167331
1193,0.0016649
1194,0.00167857
1195,0.00169322
1196,0.00167116
1197,0.00170476
1198,0.00167648
1199,0.0017397
1200,0.00176055
1201,0.0017318
1202,0.00168862
1203,0.00172965
1204,0.00178258
1205,0.00171767
1206,0.00184185
1207,0.00175099
1208,0.00176768
1209,0.00175976
1210,0.00175591
1211,0.00176973
1212,0.00180539
1213,0.00178042
1214,0.00179757
1215,0.00177001
1216,0.00177917
1217,0.00179827
1218,0.00178536
1219,0.00182207
1220,0.00179733
1221,0.00178458
1222,0.00180258
1223,0.00177201
1224,0.00181511
1225,0.00181361
1226,0.00195527
1227,0.00187818
1228,0.00187174
1229,0.00186081
1230,0.00191322
1231,0.00183747
1232,0.00188795
1233,0.00185486
1234,0.00179707
1235,0.00190308
1236,0.00186019
1237,0.0018514
1238,0.0019908
1239,0.00188646
1240,0.00191899
1241,0.0018908
1242,0.00187598
1243,0.00192934
1244,0.00188587
1245,0.00189489
1246,0.00195824
1247,0.00190141
1248,0.00195649
1249,0.00196548
1250,0.00196266
1251,0.00196826
1252,0.00191476
1253,0.00194685
1254,0.00201002
1255,0.00195282
1256,0.00200404
1257,0.00194864
1258,0.00195305
1259,0.00199114
1260,0.00198242
1261,0.00198763
1262,0.00198961
1263,0.00196589
1264,0.00199989
1265,0.00197972
1266,0.00198648
1267,0.00198554
1268,0.00202226
1269,0.00201115
1270,0.00203129
1271,0.00202752
1272,0.00201612
1273,0.00202151
1274,0.00203799
1275,0.00202006
1276,0.00206323
1277,0.00205255
1278,0.00207829
1279,0.00203678
1280,0.00211148
1281,0.00204261
1282,0.00211041
1283,0.00202697
1284,0.00208256
1285,0.00205397
1286,0.00220507
1287,0.00204593
1288,0.00210916
1289,0.00213028
1290,0.00216366
1291,0.00210575
1292,0.00213457
1293,0.00214996
1294,0.00213282
1295,0.00215895
1296,0.00214933
1297,0.00219789
1298,0.00216535
1299,0.00225548
1300,0.00215616
1301,0.00217108
1302,0.00216408
1303,0.00213994
1304,0.00215679
1305,0.00218867
1306,0.00215804
1307,0.00225271
1308,0.0021843
1309,0.00219581
1310,0.00232191
1311,0.00225196
1312,0.00219839
1313,0.00219856
1314,0.00225239
1315,0.00221347
1316,0.00222243
1317,0.00222449
1318,0.0022493
1319,0.00222297
1320,0.00225186
1321,0.00224248
1322,0.0022531
1323,0.002242
1324,0.00227257
1325,0.00223656
1326,0.00227446
1327,0.00230746
1328,0.00228597
1329,0.00230764
1330,0.00229861
1331,0.0022465
1332,0.00229114
1333,0.00233187
1334,0.00244406
1335,0.00232707
1336,0.00228486
1337,0.00230969
1338,0.00231749
1339,0.00234283
1340,0.00231782
1341,0.00231539
1342,0.00234527
1343,0.00231074
1344,0.0023459
1345,0.00235119
1346,0.00235624
1347,0.0023651
1348,0.00234807
1349,0.00234006
1350,0.0023802
1351,0.002364
1352,0.00239165
1353,0.00241552
1354,0.0024056
1355,0.00239763
1356,0.00248311
1357,0.00238703
1358,0.00245086
1359,0.00243254
1360,0.00241971
1361,0.0024493
1362,0.00243231
1363,0.00240015
1364,0.002419
1365,0.00245264
1366,0.00246877
1367,0.00243283
1368,0.0024974
1369,0.00249122
1370,0.00247552
1371,0.00248149
1372,0.00247389
1373,0.00244744
1374,0.00251707
1375,0.00247313
1376,0.00251109
1377,0.00248653
1378,0.00251267
1379,0.0024771
1380,0.00250078
1381,0.00257801
1382,0.00252794
1383,0.00253401
1384,0.00250937
1385,0.00259294
1386,0.0025447
1387,0.00253522
1388,0.00256485
1389,0.00255886
1390,0.00255528
1391,0.0025596
1392,0.00259063
1393,0.00256163
1394,0.00258335
1395,0.00257144
1396,0.00258146
1397,0.00263433
1398,0.00260295
1399,0.00260575
1400,0.00260869
1401,0.00259723
1402,0.0026275
1403,0.00260714
1404,0.00272794
1405,0.00261913
1406,0.00264628
1407,0.00262524
1408,0.00262816
1409,0.00263819
1410,0.00261806
1411,0.00243793
1412,0.0024242
1413,0.00264298
1414,0.00260665
1415,0.00265647
1416,0.00270592
1417,0.0026778
1418,0.00269219
1419,0.00274189
1420,0.0027192
1421,0.00270144
1422,0.00273983
1423,0.00271243
1424,0.00270687
1425,0.00271029
1426,0.0028128
1427,0.00270959
1428,0.00271561
1429,0.002741
1430,0.00280982
1431,0.00273942
1432,0.00274914
1433,0.00275786
1434,0.00278153
1435,0.00276291
1436,0.00276129
1437,0.0027993
1438,0.00284266
1439,0.00279671
1440,0.00280877
1441,0.0028295
1442,0.00279053
1443,0.00279916
1444,0.00281011
1445,0.00281719
1446,0.00279916
1447,0.00282969
1448,0.00281711
1449,0.011709
1450,0.0107889
1451,0.0106505
1452,0.0105934
1453,0.0106845
1454,0.0117325
1455,0.0115373
1456,0.010931
1457,0.0112194
1458,0.0111593
1459,0.0109916
1460,0.0108861
1461,0.0110034
1462,0.0109545
1463,0.0110584
1464,0.0110243
1465,0.0110411
1466,0.0111147
1467,0.0111377
1468,0.011294
1469,0.0110931
1470,0.0108541
1471,0.0111504
1472,0.0113758
1473,0.0114617
1474,0.011384
1475,0.0113587
1476,0.0113508
1477,0.0114082
1478,0.0113986
1479,0.0113879
1480,0.011358
1481,0.0113824
1482,0.0114383
1483,0.0114664
1484,0.0115079
1485,0.0115309
1486,0.0114743
1487,0.0116509
1488,0.0114507
1489,0.0116154
1490,0.0115719
1491,0.011662
1492,0.0119927
1493,0.0117271
1494,0.0116614
1495,0.0115829
1496,0.0117714
1497,0.0116794
1498,0.0117825
1499,0.0117102
1500,0.0116924
