size,time_seconds
2,4.8e-07
3,1.1e-07
4,1.1e-07
5,1.1e-07
6,4e-08
7,4e-08
8,4e-08
9,1.5e-07
10,5e-08
11,2.8e-07
12,6e-08
13,1.5e-07
14,7e-08
15,1.3e-07
16,5e-08
17,9e-08
18,7e-08
19,8e-08
20,7e-08
21,8e-08
22,8e-08
23,9e-08
24,9e-08
25,9e-08
26,9e-08
27,1e-07
28,1e-07
29,1.1e-07
30,1.2e-07
31,1.9e-07
32,2.4e-07
33,1.3e-07
34,1.4e-07
35,3e-07
36,1.5e-07
37,1.7e-07
38,1.8e-07
39,1.8e-07
40,1.9e-07
41,1.9e-07
42,2e-07
43,2.4e-07
44,2.6e-07
45,4.8e-07
46,3e-07
47,2.9e-07
48,4.4e-07
49,3.4e-07
50,4.8e-07
51,5.3e-07
52,4.1e-07
53,4.2e-07
54,4.4e-07
55,6e-07
56,5.8e-07
57,9e-07
58,9.6e-07
59,8.8e-07
60,1.03e-06
61,9.3e-07
62,7.6e-07
63,6.5e-07
64,7.9e-07
65,6.6e-07
66,7.8e-07
67,7.3e-07
68,8.9e-07
69,7.5e-07
70,9.1e-07
71,8.1e-07
72,8.7e-07
73,1.01e-06
74,1.18e-06
75,1.02e-06
76,1.05e-06
77,1e-06
78,1.02e-06
79,1.1e-06
80,1.15e-06
81,1.42e-06
82,1.45e-06
83,1.25e-06
84,1.43e-06
85,1.3e-06
86,1.24e-06
87,1.42e-06
88,1.49e-06
89,1.24e-06
90,1.25e-06
91,1.67e-06
92,1.49e-06
93,4.97e-06
94,1.54e-06
95,1.48e-06
96,1.54e-06
97,1.56e-06
98,1.58e-06
99,1.85e-06
100,1.78e-06
101,1.75e-06
102,1.73e-06
103,1.81e-06
104,2.23e-06
105,1.9e-06
106,2.12e-06
107,1.97e-06
108,2.06e-06
109,1.98e-06
110,1.98e-06
111,2.16e-06
112,2.09e-06
113,2.1e-06
114,2.13e-06
115,2.36e-06
116,2.22e-06
117,2.25e-06
118,2.58e-06
119,2.34e-06
120,2.43e-06
121,2.35e-06
122,2.41e-06
123,2.5e-06
124,2.5e-06
125,2.61e-06
126,2.53e-06
127,2.62e-06
128,2.68e-06
129,2.81e-06
130,3.16e-06
131,2.94e-06
132,3.3e-06
133,3.58e-06
134,3.29e-06
135,3.34e-06
136,3.13e-06
137,3.69e-06
138,6.45e-06
139,3.53e-06
140,3.91e-06
141,3.51e-06
142,3.55e-06
143,3.85e-06
144,3.9e-06
145,4.02e-06
146,4.009e-06
147,3.83e-06
148,3.94e-06
149,4.56e-06
150,4e-06
151,3.869e-06
152,4.35e-06
153,4.27e-06
154,4.13e-06
155,4.5e-06
156,4.33e-06
157,7.23e-06
158,4.54e-06
159,5.29e-06
160,5.03e-06
161,4.58e-06
162,4.57e-06
163,4.56e-06
164,5.34e-06
165,4.86e-06
166,5.03e-06
167,5.739e-06
168,5.04e-06
169,5.39e-06
170,5.77e-06
171,5.46e-06
172,5.71e-06
173,5.56e-06
174,5.55e-06
175,5.63e-06
176,6.8e-06
177,5.89e-06
178,5.62e-06
179,5.949e-06
180,5.939e-06
181,6.85e-06
182,6.18e-06
183,6.01e-06
184,6.75e-06
185,6.08e-06
186,6.65e-06
187,6.08e-06
188,6.64e-06
189,6.28e-06
190,8.01e-06
191,6.43e-06
192,6.26e-06
193,6.17e-06
194,7.16e-06
195,6.58e-06
196,7.27e-06
197,6.62e-06
198,6.84e-06
199,7.05e-06
200,7.53e-06
201,7.75e-06
202,7.759e-06
203,7.07e-06
204,7.87e-06
205,7.81e-06
206,7.86e-06
207,7.959e-06
208,7.98e-06
209,7.29e-06
210,7.64e-06
211,7.34e-06
212,7.36e-06
213,7.65e-06
214,7.69e-06
215,7.55e-06
216,9.28e-06
217,8.72e-06
218,7.77e-06
219,8.39e-06
220,8.29e-06
221,8.59e-06
222,8.33e-06
223,1.05e-05
224,1.041e-05
225,8.829e-06
226,9.78e-06
227,8.919e-06
228,1.077e-05
229,9.649e-06
230,8.85e-06
231,1.204e-05
232,1.09e-05
233,1.191e-05
234,1.239e-05
235,1.229e-05
236,1.095e-05
237,1.241e-05
238,1.116e-05
239,1.165e-05
240,1.024e-05
241,1.222e-05
242,1.24e-05
243,1.151e-05
244,1.336e-05
245,1.048e-05
246,1.331e-05
247,1.178e-05
248,1.482e-05
249,1.231e-05
250,1.5869e-05
251,1.585e-05
252,1.63e-05
253,1.9039e-05
254,1.539e-05
255,2.021e-05
256,1.282e-05
257,1.3259e-05
258,1.389e-05
259,1.812e-05
260,1.921e-05
261,1.922e-05
262,1.787e-05
263,1.381e-05
264,2.056e-05
265,2.057e-05
266,1.9829e-05
267,1.902e-05
268,2.023e-05
269,2.202e-05
270,1.424e-05
271,2.0719e-05
272,2.28e-05
273,2.3409e-05
274,2.883e-05
275,2.466e-05
276,2.474e-05
277,2.609e-05
278,1.5589e-05
279,2.537e-05
280,2.596e-05
281,2.631e-05
282,1.6389e-05
283,2.522e-05
284,2.676e-05
285,1.854e-05
286,1.63e-05
287,1.816e-05
288,3.353e-05
289,1.748e-05
290,1.724e-05
291,2.815e-05
292,2.967e-05
293,3.3719e-05
294,3.788e-05
295,2.0749e-05
296,3.221e-05
297,2.1229e-05
298,3.285e-05
299,1.987e-05
300,3.2349e-05
301,2.16e-05
302,1.992e-05
303,2.0949e-05
304,3.5119e-05
305,2.138e-05
306,3.5479e-05
307,3.6059e-05
308,4.156e-05
309,3.781e-05
310,3.436e-05
311,1.9719e-05
312,1.8069e-05
313,1.769e-05
314,1.754e-05
315,1.747e-05
316,1.878e-05
317,1.7919e-05
318,1.77e-05
319,1.8259e-05
320,1.837e-05
321,1.89e-05
322,2.27e-05
323,1.917e-05
324,1.953e-05
325,1.994e-05
326,1.956e-05
327,1.945e-05
328,1.982e-05
329,2.007e-05
330,2.006e-05
331,2.033e-05
332,2.0309e-05
333,2.007e-05
334,1.967e-05
335,2.022e-05
336,2.046e-05
337,2.044e-05
338,2.028e-05
339,2.094e-05
340,2.0789e-05
341,2.113e-05
342,2.147e-05
343,2.136e-05
344,2.1309e-05
345,2.162e-05
346,2.092e-05
347,2.198e-05
348,2.111e-05
349,2.192e-05
350,2.167e-05
351,2.207e-05
352,2.295e-05
353,2.2679e-05
354,2.221e-05
355,2.321e-05
356,2.2249e-05
357,2.2119e-05
358,2.317e-05
359,2.268e-05
360,2.337e-05
361,2.294e-05
362,2.269e-05
363,2.2429e-05
364,2.252e-05
365,2.265e-05
366,2.2289e-05
367,2.366e-05
368,2.422e-05
369,2.348e-05
370,2.328e-05
371,2.39e-05
372,2.38e-05
373,2.4e-05
374,2.34e-05
375,2.3949e-05
376,2.44e-05
377,2.402e-05
378,2.4689e-05
379,3.03e-05
380,2.542e-05
381,2.452e-05
382,2.398e-05
383,2.457e-05
384,3.0309e-05
385,2.4719e-05
386,2.467e-05
387,2.584e-05
388,2.529e-05
389,2.516e-05
390,2.592e-05
391,2.537e-05
392,2.59e-05
393,2.5869e-05
394,2.5689e-05
395,2.669e-05
396,2.6669e-05
397,3.39e-05
398,2.69e-05
399,2.7019e-05
400,2.693e-05
401,2.833e-05
402,2.779e-05
403,2.771e-05
404,2.7529e-05
405,2.7589e-05
406,2.7219e-05
407,2.754e-05
408,2.7869e-05
409,2.814e-05
410,2.768e-05
411,2.878e-05
412,3.0939e-05
413,2.838e-05
414,2.8049e-05
415,2.9329e-05
416,2.884e-05
417,2.89e-05
418,2.9899e-05
419,2.961e-05
420,2.968e-05
421,2.945e-05
422,2.916e-05
423,3.082e-05
424,3.023e-05
425,3.1039e-05
426,2.9689e-05
427,3.059e-05
428,3.145e-05
429,3.2549e-05
430,3.067e-05
431,3.0989e-05
432,3.109e-05
433,3.144e-05
434,3.0759e-05
435,3.1939e-05
436,3.1529e-05
437,3.1859e-05
438,3.1299e-05
439,3.2269e-05
440,3.2519e-05
441,3.2229e-05
442,3.193e-05
443,3.248e-05
444,3.267e-05
445,3.274e-05
446,3.279e-05
447,3.3249e-05
448,3.441e-05
449,3.405e-05
450,3.3059e-05
451,3.3919e-05
452,3.435e-05
453,3.53e-05
454,3.338e-05
455,3.612e-05
456,3.583e-05
457,3.433e-05
458,3.5429e-05
459,3.8239e-05
460,3.6959e-05
461,3.7569e-05
462,3.614e-05
463,4.11e-05
464,3.6909e-05
465,3.6649e-05
466,3.675e-05
467,3.765e-05
468,3.7349e-05
469,3.752e-05
470,3.7719e-05
471,3.802e-05
472,3.8319e-05
473,4.0239e-05
474,3.7889e-05
475,5.085e-05
476,4.4399e-05
477,4.0939e-05
478,3.9469e-05
479,3.9799e-05
480,4.026e-05
481,3.993e-05
482,4.163e-05
483,4.16e-05
484,4.09e-05
485,4.0269e-05
486,4.026e-05
487,4.16e-05
488,4.2149e-05
489,4.1319e-05
490,4.0449e-05
491,4.1039e-05
492,4.156e-05
493,4.117e-05
494,4.0869e-05
495,4.15e-05
496,4.1609e-05
497,4.2e-05
498,4.1379e-05
499,4.095e-05
500,4.081e-05
501,4.2899e-05
502,4.131e-05
503,4.29e-05
504,4.5269e-05
505,4.301e-05
506,4.3169e-05
507,4.2379e-05
508,4.4229e-05
509,4.3679e-05
510,4.2779e-05
511,4.392e-05
512,5.8379e-05
513,4.429e-05
514,4.705e-05
515,4.666e-05
516,4.5029e-05
517,4.509e-05
518,4.6809e-05
519,4.7059e-05
520,4.9189e-05
521,4.534e-05
522,4.449e-05
523,4.554e-05
524,4.5259e-05
525,4.617e-05
526,4.5129e-05
527,4.601e-05
528,4.618e-05
529,4.64e-05
530,4.6039e-05
531,4.6599e-05
532,4.742e-05
533,5.077e-05
534,6.5209e-05
535,4.8029e-05
536,4.785e-05
537,4.7579e-05
538,4.7759e-05
539,4.7889e-05
540,4.835e-05
541,4.835e-05
542,4.79e-05
543,4.9619e-05
544,5.342e-05
545,4.9159e-05
546,4.869e-05
547,4.938e-05
548,5.3609e-05
549,4.9449e-05
550,4.9349e-05
551,7.877e-05
552,5.056e-05
553,5.0399e-05
554,4.9589e-05
555,5.0819e-05
556,5.1289e-05
557,5.088e-05
558,5.0989e-05
559,5.6059e-05
560,5.1819e-05
561,5.194e-05
562,5.182e-05
563,5.5069e-05
564,5.471e-05
565,5.3329e-05
566,5.392e-05
567,5.371e-05
568,5.3879e-05
569,5.798e-05
570,5.317e-05
571,5.4119e-05
572,5.4779e-05
573,5.416e-05
574,5.3679e-05
575,5.9789e-05
576,5.52e-05
577,5.939e-05
578,5.4179e-05
579,5.5329e-05
580,5.8879e-05
581,5.6809e-05
582,5.542e-05
583,5.69e-05
584,5.945e-05
585,5.6589e-05
586,5.6249e-05
587,5.9579e-05
588,7.8319e-05
589,5.9399e-05
590,5.774e-05
591,5.9079e-05
592,5.903e-05
593,6.064e-05
594,5.974e-05
595,6.4229e-05
596,6.045e-05
597,6.1099e-05
598,5.9659e-05
599,6.1269e-05
600,6.2149e-05
601,6.173e-05
602,6.1049e-05
603,6.228e-05
604,6.049e-05
605,6.0449e-05
606,6.2619e-05
607,6.424e-05
608,6.164e-05
609,6.126e-05
610,6.5099e-05
611,6.231e-05
612,6.3779e-05
613,6.145e-05
614,6.2659e-05
615,6.2059e-05
616,6.2429e-05
617,6.2549e-05
618,6.4959e-05
619,6.3709e-05
620,6.337e-05
621,7.1629e-05
622,7.052e-05
623,7.0519e-05
624,6.6729e-05
625,7.0369e-05
626,8.8769e-05
627,7.2029e-05
628,6.9829e-05
629,7.2089e-05
630,6.811e-05
631,6.725e-05
632,6.813e-05
633,6.7109e-05
634,7.3069e-05
635,6.7779e-05
636,7.42e-05
637,7.313e-05
638,6.9139e-05
639,6.8919e-05
640,7.0979e-05
641,7.0879e-05
642,7.1399e-05
643,7.2109e-05
644,6.8559e-05
645,6.8949e-05
646,6.967e-05
647,7.4139e-05
648,7.5849e-05
649,6.9389e-05
650,6.8849e-05
651,6.9359e-05
652,8.6479e-05
653,7.0629e-05
654,6.9479e-05
655,7.479e-05
656,7.2699e-05
657,7.2579e-05
658,7.4059e-05
659,7.3329e-05
660,7.291e-05
661,7.2459e-05
662,7.1509e-05
663,7.469e-05
664,7.3329e-05
665,7.3559e-05
666,7.1979e-05
667,7.8629e-05
668,7.5929e-05
669,7.3609e-05
670,7.4149e-05
671,7.832e-05
672,7.555e-05
673,8.725e-05
674,7.5779e-05
675,7.9679e-05
676,7.5249e-05
677,8.246e-05
678,7.492e-05
679,7.533e-05
680,8.0109e-05
681,7.64e-05
682,7.5629e-05
683,8.2829e-05
684,8.119e-05
685,7.7849e-05
686,7.6269e-05
687,7.7909e-05
688,7.8259e-05
689,0.000110299
690,9.7939e-05
691,9.4469e-05
692,8.6269e-05
693,9.5109e-05
694,8.2219e-05
695,8.3339e-05
696,8.2149e-05
697,8.112e-05
698,9.2649e-05
699,8.4849e-05
700,8.8629e-05
701,8.6119e-05
702,8.3909e-05
703,8.2719e-05
704,8.3e-05
705,8.3889e-05
706,8.5859e-05
707,9.5669e-05
708,8.3119e-05
709,8.2889e-05
710,8.183e-05
711,8.3859e-05
712,8.549e-05
713,9.0459e-05
714,8.6129e-05
715,8.4529e-05
716,8.9319e-05
717,8.9799e-05
718,8.4329e-05
719,8.5129e-05
720,0.000100419
721,8.9469e-05
722,8.5929e-05
723,8.7169e-05
724,8.6239e-05
725,0.000112748
726,0.000104799
727,0.000109129
728,0.000104339
729,0.000126569
730,0.000104718
731,0.000109219
732,0.000115139
733,0.000162068
734,0.000142268
735,0.000132998
736,0.000118129
737,0.000119049
738,9.4359e-05
739,9.066e-05
740,8.9729e-05
741,9.0819e-05
742,9.3159e-05
743,9.2099e-05
744,9.249e-05
745,9.3419e-05
746,9.6889e-05
747,9.5149e-05
748,9.6569e-05
749,9.5839e-05
750,0.000105469
751,9.311e-05
752,0.000131739
753,9.7429e-05
754,0.000103089
755,9.4009e-05
756,0.000100449
757,9.5649e-05
758,0.000109459
759,9.5729e-05
760,0.000100239
761,9.6769e-05
762,0.000104149
763,9.9979e-05
764,9.5999e-05
765,0.000135268
766,0.000139569
767,0.000103409
768,0.000103769
769,0.000101719
770,0.000104809
771,9.9599e-05
772,0.000104179
773,0.000104469
774,0.000104679
775,0.000105679
776,0.000107669
777,0.000114269
778,0.000102499
779,0.000122009
780,0.000103209
781,0.000107209
782,9.9629e-05
783,0.000107049
784,0.000104879
785,0.000108539
786,0.000102699
787,0.000112099
788,0.000104269
789,0.000106139
790,0.000107149
791,0.000114179
792,0.000146159
793,0.000109079
794,0.000104349
795,0.000106239
796,0.000114729
797,0.000110969
798,0.000109328
799,0.000137459
800,0.000113699
801,0.000107079
802,0.000107979
803,0.000110069
804,0.000111489
805,0.000107999
806,0.000110729
807,0.000113919
808,0.000115749
809,0.000110799
810,0.000114288
811,0.000110879
812,0.000109449
813,0.000114899
814,0.000116579
815,0.000110199
816,0.000109819
817,0.000113608
818,0.000112469
819,0.000113979
820,0.000125329
821,0.000118919
822,0.000119859
823,0.000113819
824,0.000118939
825,0.000115619
826,0.000134339
827,0.000120478
828,0.000117549
829,0.000114889
830,0.000125609
831,0.000117249
832,0.000116308
833,0.000122109
834,0.000117869
835,0.000116499
836,0.000116489
837,0.000123739
838,0.000118509
839,0.000118589
840,0.000139009
841,0.000121949
842,0.000158328
843,0.000128999
844,0.000123739
845,0.000120789
846,0.000120288
847,0.000126558
848,0.000120939
849,0.000155238
850,0.000138409
851,0.000122518
852,0.000120539
853,0.000128999
854,0.000123778
855,0.000122089
856,0.000130589
857,0.000122999
858,0.000121389
859,0.000135048
860,0.000132739
861,0.000124299
862,0.000148709
863,0.000130909
864,0.000130619
865,0.000154289
866,0.000127869
867,0.000126069
868,0.000162318
869,0.000135809
870,0.000126729
871,0.000176958
872,0.000163359
873,0.000136778
874,0.000134249
875,0.000132508
876,0.000133389
877,0.000141329
878,0.000132399
879,0.000133298
880,0.000132339
881,0.000137409
882,0.000129319
883,0.000137059
884,0.000133849
885,0.000134469
886,0.000133569
887,0.000135888
888,0.000137809
889,0.000133739
890,0.000135899
891,0.000139439
892,0.000134359
893,0.000138079
894,0.000134559
895,0.000137268
896,0.000137899
897,0.000139868
898,0.000134028
899,0.000136149
900,0.000139788
901,0.000139458
902,0.000143069
903,0.000141289
904,0.000142588
905,0.000142688
906,0.000138189
907,0.000138299
908,0.000141069
909,0.000140898
910,0.000138269
911,0.000141549
912,0.000141959
913,0.000144859
914,0.000140739
915,0.000197448
916,0.000147849
917,0.000149558
918,0.000151088
919,0.000143028
920,0.000149059
921,0.000147709
922,0.000141889
923,0.000148508
924,0.000144998
925,0.000158728
926,0.000148648
927,0.000164978
928,0.000145819
929,0.000218268
930,0.000240737
931,0.000163769
932,0.000157429
933,0.000173698
934,0.000147888
935,0.000155488
936,0.000151818
937,0.000152529
938,0.000152159
939,0.000157378
940,0.000153118
941,0.000155568
942,0.000209238
943,0.000182928
944,0.000164088
945,0.000159039
946,0.000151708
947,0.000164288
948,0.000158339
949,0.000163899
950,0.000155969
951,0.000166458
952,0.000158838
953,0.000155669
954,0.000158009
955,0.000159418
956,0.000157568
957,0.000165168
958,0.000209618
959,0.000197808
960,0.000171638
961,0.000162718
962,0.000162688
963,0.000164348
964,0.000159399
965,0.000161109
966,0.000162859
967,0.000209958
968,0.000168309
969,0.000165339
970,0.000167779
971,0.000166848
972,0.000166758
973,0.000169079
974,0.000163499
975,0.000161698
976,0.000165309
977,0.000170348
978,0.000171259
979,0.000174068
980,0.000179198
981,0.000268658
982,0.000176038
983,0.000185678
984,0.000172498
985,0.000170478
986,0.000169259
987,0.000170788
988,0.000175639
989,0.000174068
990,0.000173468
991,0.000180068
992,0.000173539
993,0.000175058
994,0.000181828
995,0.000176638
996,0.000180699
997,0.000176878
998,0.000176318
999,0.000255368
1000,0.000181619
1001,0.000179689
1002,0.000170168
1003,0.000185488
1004,0.000181508
1005,0.000183658
1006,0.000176588
1007,0.000176649
1008,0.000199628
1009,0.000182138
1010,0.000185228
1011,0.000179678
1012,0.000178899
1013,0.000185398
1014,0.000179569
1015,0.000186688
1016,0.000182188
1017,0.000195828
1018,0.000197468
1019,0.000183738
1020,0.000183318
1021,0.000189618
1022,0.000182658
1023,0.000180028
1024,0.000184898
1025,0.000187798
1026,0.000181288
1027,0.000184428
1028,0.000192278
1029,0.000186968
1030,0.000188858
1031,0.000203068
1032,0.000219568
1033,0.000194628
1034,0.000189738
1035,0.000199328
1036,0.000192748
1037,0.000194478
1038,0.000194748
1039,0.000190008
1040,0.000208667
1041,0.000198508
1042,0.000191288
1043,0.000199938
1044,0.000193898
1045,0.000202058
1046,0.000202268
1047,0.000196238
1048,0.000197868
1049,0.000243167
1050,0.000201348
1051,0.000198088
1052,0.000197758
1053,0.000197608
1054,0.000192328
1055,0.000199208
1056,0.000195298
1057,0.000200818
1058,0.000210767
1059,0.000215527
1060,0.000243857
1061,0.000206968
1062,0.000261827
1063,0.000212368
1064,0.000208688
1065,0.000226698
1066,0.000245877
1067,0.000315027
1068,0.000217288
1069,0.000219698
1070,0.000200038
1071,0.000219727
1072,0.000219138
1073,0.000206388
1074,0.000204788
1075,0.000211718
1076,0.000223388
1077,0.000266468
1078,0.000211037
1079,0.000215398
1080,0.000218228
1081,0.000219828
1082,0.000207918
1083,0.000255418
1084,0.000212078
1085,0.000228717
1086,0.000206048
1087,0.000211858
1088,0.000233258
1089,0.000227848
1090,0.000219708
1091,0.000215928
1092,0.000208048
1093,0.000227878
1094,0.000209178
1095,0.000247157
1096,0.000242477
1097,0.000225338
1098,0.000222347
1099,0.000220028
1100,0.000221668
1101,0.000219798
1102,0.000218978
1103,0.000232057
1104,0.000232128
1105,0.000236628
1106,0.000219418
1107,0.000220678
1108,0.000232307
1109,0.000235538
1110,0.000222108
1111,0.000225268
1112,0.000222288
1113,0.000230998
1114,0.000233688
1115,0.000235757
1116,0.000232597
1117,0.000250717
1118,0.000224458
1119,0.000240628
1120,0.000227938
1121,0.000244538
1122,0.000232608
1123,0.000248448
1124,0.000236248
1125,0.000233867
1126,0.000287347
1127,0.000239198
1128,0.000301267
1129,0.000256417
1130,0.000402386
1131,0.000313177
1132,0.000250057
1133,0.000265688
1134,0.000344816
1135,0.000258897
1136,0.000277217
1137,0.000270347
1138,0.000242377
1139,0.000263288
1140,0.000250347
1141,0.000241578
1142,0.000246248
1143,0.000250637
1144,0.000278747
1145,0.000254887
1146,0.000251747
1147,0.000258537
1148,0.000243108
1149,0.000272558
1150,0.000248757
1151,0.000254547
1152,0.000239458
1153,0.000252597
1154,0.000250087
1155,0.000269427
1156,0.000248787
1157,0.000268648
1158,0.000272527
1159,0.000278747
1160,0.000369886
1161,0.000270187
1162,0.000267307
1163,0.000271437
1164,0.000265408
1165,0.000265567
1166,0.000262047
1167,0.000287477
1168,0.000297277
1169,0.000282917
1170,0.000311257
1171,0.000377836
1172,0.000320067
1173,0.000296957
1174,0.000273457
1175,0.000280207
1176,0.000408846
1177,0.000311217
1178,0.000287687
1179,0.000274407
1180,0.000281467
1181,0.000269347
1182,0.000288797
1183,0.000286947
1184,0.000350936
1185,0.000320876
1186,0.000287807
1187,0.000315607
1188,0.000306897
1189,0.000340826
1190,0.000302566
1191,0.000288647
1192,0.000290167
1193,0.000287718
1194,0.000338667
1195,0.000323417
1196,0.000346877
1197,0.000327917
1198,0.000294757
1199,0.000324057
1200,0.000329516
1201,0.000298937
1202,0.000302847
1203,0.000317317
1204,0.000304057
1205,0.000301297
1206,0.000293988
1207,0.000314237
1208,0.000324057
1209,0.000302957
1210,0.000303097
1211,0.000315836
1212,0.000281057
1213,0.000319307
1214,0.000309217
1215,0.000318516
1216,0.000299197
1217,0.000343277
1218,0.000333306
1219,0.000333507
1220,0.000313647
1221,0.000319947
1222,0.000327917
1223,0.000321957
1224,0.000320567
1225,0.000347527
1226,0.000327247
1227,0.000350527
1228,0.000366646
1229,0.000340126
1230,0.000320367
1231,0.000360597
1232,0.000332587
1233,0.000361967
1234,0.000367346
1235,0.000334867
1236,0.000369167
1237,0.000337377
1238,0.000321867
1239,0.000331277
1240,0.000373476
1241,0.000338957
1242,0.000339706
1243,0.000346246
1244,0.000324017
1245,0.000362887
1246,0.000349457
1247,0.000387966
1248,0.000340017
1249,0.000368646
1250,0.000372677
1251,0.000376076
1252,0.000391626
1253,0.000398836
1254,0.000391676
1255,0.000414416
1256,0.000361266
1257,0.000341076
1258,0.000361236
1259,0.000366126
1260,0.000370396
1261,0.000525535
1262,0.000408906
1263,0.000388346
1264,0.000389326
1265,0.000392386
1266,0.000378396
1267,0.000375997
1268,0.000504745
1269,0.000428195
1270,0.000549204
1271,0.000422766
1272,0.000380566
1273,0.000387076
1274,0.000559795
1275,0.000377217
1276,0.000398036
1277,0.000397256
1278,0.000379936
1279,0.000386756
1280,0.000376926
1281,0.000370557
1282,0.000367027
1283,0.000390406
1284,0.000387156
1285,0.000377756
1286,0.000419156
1287,0.000412006
1288,0.000472515
1289,0.000410266
1290,0.000408506
1291,0.000432186
1292,0.000422205
1293,0.000410016
1294,0.000421055
1295,0.000445395
1296,0.000417146
1297,0.000530355
1298,0.000443255
1299,0.000432255
1300,0.000450555
1301,0.000430155
1302,0.000434436
1303,0.000420916
1304,0.000442096
1305,0.000452255
1306,0.000424915
1307,0.000454125
1308,0.000442205
1309,0.000508815
1310,0.000457756
1311,0.000527485
1312,0.000453605
1313,0.000494305
1314,0.000451925
1315,0.000441386
1316,0.000439585
1317,0.000631843
1318,0.000535804
1319,0.000513535
1320,0.000458525
1321,0.000466446
1322,0.000439755
1323,0.000496985
1324,0.000446376
1325,0.000464415
1326,0.000478435
1327,0.000523314
1328,0.000509295
1329,0.000469916
1330,0.000486925
1331,0.000460645
1332,0.000515305
1333,0.000501965
1334,0.000538645
1335,0.000506615
1336,0.000531564
1337,0.000485455
1338,0.000476945
1339,0.000486945
1340,0.000483365
1341,0.000535895
1342,0.000569634
1343,0.000507195
1344,0.000477815
1345,0.000568354
1346,0.000514455
1347,0.000660383
1348,0.000479255
1349,0.000571525
1350,0.000565494
1351,0.000505275
1352,0.000532945
1353,0.000670723
1354,0.000582964
1355,0.000566294
1356,0.000586114
1357,0.000573174
1358,0.000537514
1359,0.000517305
1360,0.000586814
1361,0.000626704
1362,0.000553634
1363,0.000565974
1364,0.000536475
1365,0.000641514
1366,0.000610324
1367,0.000585134
1368,0.000579764
1369,0.000560125
1370,0.000607554
1371,0.000595274
1372,0.000558205
1373,0.000568354
1374,0.000552694
1375,0.000558834
1376,0.000500515
1377,0.000580534
1378,0.000605344
1379,0.000590504
1380,0.000577494
1381,0.000599894
1382,0.000520605
1383,0.000539205
1384,0.000548094
1385,0.000550125
1386,0.000602214
1387,0.000685383
1388,0.000601864
1389,0.000702553
1390,0.000626784
1391,0.000668564
1392,0.000641063
1393,0.000639044
1394,0.000672544
1395,0.000602214
1396,0.000662333
1397,0.000712603
1398,0.000689334
1399,0.000651413
1400,0.000695703
1401,0.000605214
1402,0.000641304
1403,0.000639244
1404,0.000565184
1405,0.000682733
1406,0.000578564
1407,0.000688653
1408,0.000562204
1409,0.000638314
1410,0.000565284
1411,0.000649824
1412,0.000591104
1413,0.000712782
1414,0.000681263
1415,0.000719873
1416,0.000611534
1417,0.000608804
1418,0.000674273
1419,0.000671304
1420,0.000742132
1421,0.000682683
1422,0.000670423
1423,0.000861662
1424,0.000748602
1425,0.000786472
1426,0.000704463
1427,0.000715263
1428,0.000681653
1429,0.000742012
1430,0.000741713
1431,0.000667143
1432,0.000621404
1433,0.000631534
1434,0.000637673
1435,0.000641314
1436,0.000650193
1437,0.000640124
1438,0.000649034
1439,0.000657813
1440,0.000644043
1441,0.000654273
1442,0.000646883
1443,0.000647993
1444,0.000660724
1445,0.000694793
1446,0.000656994
1447,0.000667143
1448,0.000657653
1449,0.000684264
1450,0.000715263
1451,0.000685044
1452,0.000683553
1453,0.000751133
1454,0.000702923
1455,0.000706084
1456,0.000737073
1457,0.000725532
1458,0.000694473
1459,0.000706613
1460,0.000710453
1461,0.000692783
1462,0.000701053
1463,0.000708623
1464,0.000704433
1465,0.000718523
1466,0.000696613
1467,0.000705073
1468,0.000720743
1469,0.000773923
1470,0.000739743
1471,0.000729883
1472,0.000729822
1473,0.000714483
1474,0.000713123
1475,0.000729293
1476,0.000700943
1477,0.000712992
1478,0.000705393
1479,0.000726993
1480,0.000742483
1481,0.000741272
1482,0.000798062
1483,0.000775512
1484,0.000757102
1485,0.000750863
1486,0.000742033
1487,0.000816202
1488,0.000784462
1489,0.000780992
1490,0.000772422
1491,0.000763583
1492,0.000765722
1493,0.000779002
1494,0.000763992
1495,0.000766853
1496,0.000800632
1497,0.000783242
1498,0.000769392
1499,0.000764072
1500,0.000764612
