size,time_seconds
2,6.2e-07
3,1.6e-07
4,2.2e-07
5,1.9e-07
6,2.9e-07
7,3.2e-07
8,6.1e-07
9,4.3e-07
10,5.4e-07
11,6e-07
12,7.1e-07
13,7.69e-07
14,8.7e-07
15,8.9e-07
16,9.8e-07
17,1.08e-06
18,1.31e-06
19,1.37e-06
20,1.53e-06
21,1.26e-06
22,1.54e-06
23,1.49e-06
24,2.03e-06
25,2.06e-06
26,2.26e-06
27,2.43e-06
28,2.59e-06
29,2.73e-06
30,3e-06
31,3.12e-06
32,3.37e-06
33,3.44e-06
34,3.65e-06
35,3.98e-06
36,4e-06
37,4.12e-06
38,4.83e-06
39,5.21e-06
40,5e-06
41,4.66e-06
42,4.88e-06
43,5.6e-06
44,6.18e-06
45,6.18e-06
46,6.41e-06
47,5.93e-06
48,6.29e-06
49,6.66e-06
50,7.22e-06
51,7e-06
52,7.23e-06
53,7.46e-06
54,7.859e-06
55,8.06e-06
56,8.81e-06
57,9.27e-06
58,9.61e-06
59,9.41e-06
60,1.012e-05
61,9.87e-06
62,1.068e-05
63,1.059e-05
64,1.1489e-05
65,1.185e-05
66,1.247e-05
67,1.324e-05
68,1.3479e-05
69,1.39e-05
70,1.432e-05
71,1.459e-05
72,1.465e-05
73,1.494e-05
74,1.589e-05
75,1.5519e-05
76,1.621e-05
77,1.711e-05
78,1.7639e-05
79,1.798e-05
80,1.787e-05
81,1.807e-05
82,1.925e-05
83,1.976e-05
84,2.01e-05
85,2.063e-05
86,2.121e-05
87,2.152e-05
88,2.1299e-05
89,2.194e-05
90,2.297e-05
91,2.353e-05
92,2.389e-05
93,2.823e-05
94,2.503e-05
95,2.559e-05
96,2.594e-05
97,2.646e-05
98,2.712e-05
99,2.79e-05
100,2.835e-05
101,2.885e-05
102,2.9319e-05
103,2.994e-05
104,3.0499e-05
105,3.115e-05
106,3.137e-05
107,3.6109e-05
108,3.276e-05
109,3.313e-05
110,3.3869e-05
111,3.447e-05
112,3.518e-05
113,3.5719e-05
114,3.623e-05
115,3.747e-05
116,3.769e-05
117,3.7909e-05
118,4.303e-05
119,3.955e-05
120,4.029e-05
121,4.0949e-05
122,4.1109e-05
123,4.202e-05
124,4.252e-05
125,4.321e-05
126,4.39e-05
127,4.5259e-05
128,4.5739e-05
129,4.6159e-05
130,4.7409e-05
131,4.7919e-05
132,4.8019e-05
133,4.8909e-05
134,5.0229e-05
135,5.2989e-05
136,5.2989e-05
137,5.382e-05
138,5.285e-05
139,5.388e-05
140,5.366e-05
141,5.488e-05
142,5.8089e-05
143,5.6869e-05
144,5.8699e-05
145,6.003e-05
146,5.957e-05
147,5.9409e-05
148,6.359e-05
149,6.074e-05
150,6.1469e-05
151,6.239e-05
152,6.5689e-05
153,6.642e-05
154,6.4489e-05
155,6.536e-05
156,6.592e-05
157,6.6929e-05
158,6.7959e-05
159,6.888e-05
160,7.1829e-05
161,7.33e-05
162,7.105e-05
163,7.2119e-05
164,7.2719e-05
165,7.366e-05
166,7.1869e-05
167,7.2779e-05
168,7.6689e-05
169,7.66e-05
170,7.493e-05
171,7.6179e-05
172,8.0529e-05
173,7.7539e-05
174,7.8489e-05
175,7.9459e-05
176,8.7119e-05
177,8.4849e-05
178,8.1919e-05
179,8.2969e-05
180,8.3619e-05
181,8.4589e-05
182,8.5959e-05
183,8.7189e-05
184,9.164e-05
185,9.2629e-05
186,8.9709e-05
187,9.0669e-05
188,9.145e-05
189,9.2369e-05
190,9.739e-05
191,9.4579e-05
192,9.8779e-05
193,0.00010315
194,9.7579e-05
195,9.8319e-05
196,9.9129e-05
197,0.000100189
198,0.000101439
199,0.000106069
200,0.000107679
201,0.000108849
202,0.000109069
203,0.000106519
204,0.000107209
205,0.00010826
206,0.000109479
207,0.000110629
208,0.000116479
209,0.000117559
210,0.000117369
211,0.000114909
212,0.000115499
213,0.000116589
214,0.000122459
215,0.000122329
216,0.00012449
217,0.000126709
218,0.000122819
219,0.000124559
220,0.000124809
221,0.000130829
222,0.000131129
223,0.000128939
224,0.000134859
225,0.000137629
226,0.000132109
227,0.000133269
228,0.000139609
229,0.000140809
230,0.000136949
231,0.000138479
232,0.000143998
233,0.000146039
234,0.000141489
235,0.000142599
236,0.000141519
237,0.000143729
238,0.000143819
239,0.000145779
240,0.000147009
241,0.000147179
242,0.000148539
243,0.000150339
244,0.000152749
245,0.000152258
246,0.000159029
247,0.000155709
248,0.000156548
249,0.000158479
250,0.000159629
251,0.000162098
252,0.000162559
253,0.000167099
254,0.000164629
255,0.000172809
256,0.000173269
257,0.000179439
258,0.000171498
259,0.000179328
260,0.000179808
261,0.000185928
262,0.000182958
263,0.000186499
264,0.000179959
265,0.000184919
266,0.000188548
267,0.000190379
268,0.000186019
269,0.000185519
270,0.000186158
271,0.000188598
272,0.000196969
273,0.000198509
274,0.000203428
275,0.000194839
276,0.000199428
277,0.000196399
278,0.000203018
279,0.000199978
280,0.000200958
281,0.000201899
282,0.000209039
283,0.000214049
284,0.000215039
285,0.000216339
286,0.000211668
287,0.000229118
288,0.000222498
289,0.000222349
290,0.000215328
291,0.000216638
292,0.000221978
293,0.000219928
294,0.000233408
295,0.000231799
296,0.000233078
297,0.000234808
298,0.000244428
299,0.000242828
300,0.000243848
301,0.000241568
302,0.000244618
303,0.000246408
304,0.000245858
305,0.000248658
306,0.000250658
307,0.000257368
308,0.000255828
309,0.000258838
310,0.000262748
311,0.000262948
312,0.000263578
313,0.000265098
314,0.000266578
315,0.000270768
316,0.000270848
317,0.000274188
318,0.000277968
319,0.000276608
320,0.000276518
321,0.000278578
322,0.000279328
323,0.000283508
324,0.000283718
325,0.000287188
326,0.000283218
327,0.000287107
328,0.000286848
329,0.000288298
330,0.000290427
331,0.000293258
332,0.000295417
333,0.000297028
334,0.000300407
335,0.000307078
336,0.000304098
337,0.000302448
338,0.000304228
339,0.000307437
340,0.000302087
341,0.000310108
342,0.000315658
343,0.000318628
344,0.000316188
345,0.000317488
346,0.000318828
347,0.000323688
348,0.000326657
349,0.000324407
350,0.000327208
351,0.000329937
352,0.000333918
353,0.000336477
354,0.000335588
355,0.000337487
356,0.000342067
357,0.000343178
358,0.000342128
359,0.000346438
360,0.000349527
361,0.000346737
362,0.000348167
363,0.000355237
364,0.000353637
365,0.000357088
366,0.000360407
367,0.000359577
368,0.000361058
369,0.000366678
370,0.000365377
371,0.000367347
372,0.000373037
373,0.000370997
374,0.000372327
375,0.000378757
376,0.000376957
377,0.000384127
378,0.000381368
379,0.000383847
380,0.000386207
381,0.000387707
382,0.000393057
383,0.000389997
384,0.000397857
385,0.000377357
386,0.000383507
387,0.000384767
388,0.000386877
389,0.000402357
390,0.000393547
391,0.000389497
392,0.000410477
393,0.000396757
394,0.000414967
395,0.000399177
396,0.000401447
397,0.000403726
398,0.000404937
399,0.000424407
400,0.000430306
401,0.000428946
402,0.000435347
403,0.000434527
404,0.000434697
405,0.000440627
406,0.000437957
407,0.000425987
408,0.000445076
409,0.000448577
410,0.000451107
411,0.000436867
412,0.000451816
413,0.000459296
414,0.000459956
415,0.000460306
416,0.000467416
417,0.000469127
418,0.000464676
419,0.000467736
420,0.000473807
421,0.000475736
422,0.000474157
423,0.000476736
424,0.000483806
425,0.000486176
426,0.000485756
427,0.000485597
428,0.000488687
429,0.000489767
430,0.000497837
431,0.000538116
432,0.000499026
433,0.000501956
434,0.000504326
435,0.000508506
436,0.000509176
437,0.000512326
438,0.000509956
439,0.000513066
440,0.000516126
441,0.000517586
442,0.000519237
443,0.000522636
444,0.000525106
445,0.000528166
446,0.000535506
447,0.000537586
448,0.000539346
449,0.000539486
450,0.000542276
451,0.000541736
452,0.000543685
453,0.000546366
454,0.000547555
455,0.000550766
456,0.000555785
457,0.000556335
458,0.000557866
459,0.000566245
460,0.000567675
461,0.000547215
462,0.000550156
463,0.000554386
464,0.000554316
465,0.000556425
466,0.000557925
467,0.000581106
468,0.000559345
469,0.000562415
470,0.000569516
471,0.000577246
472,0.000596396
473,0.000575726
474,0.000578885
475,0.000581776
476,0.000577235
477,0.000583886
478,0.000591056
479,0.000594936
480,0.000593556
481,0.000595256
482,0.000603386
483,0.000600526
484,0.000596755
485,0.000610036
486,0.000608105
487,0.000609835
488,0.000606715
489,0.000615886
490,0.000618805
491,0.000618735
492,0.000625055
493,0.000624495
494,0.000623075
495,0.000632275
496,0.000631905
497,0.000635015
498,0.000636925
499,0.000641025
500,0.000663775
501,0.000645025
502,0.000648545
503,0.000651015
504,0.000650625
505,0.000659605
506,0.000657575
507,0.000688005
508,0.000691615
509,0.000664815
510,0.000667735
511,0.000678105
512,0.000675874
513,0.000684295
514,0.000678555
515,0.000686434
516,0.000679725
517,0.000685865
518,0.000713784
519,0.000693665
520,0.000693555
521,0.000698975
522,0.000700135
523,0.000705635
524,0.000726214
525,0.000713885
526,0.000737774
527,0.000745924
528,0.000743294
529,0.000749874
530,0.000741224
531,0.000756054
532,0.000775244
533,0.000761554
534,0.000784054
535,0.000744055
536,0.000757614
537,0.000772204
538,0.000775315
539,0.000786543
540,0.000786434
541,0.000782034
542,0.000787064
543,0.000800154
544,0.000785814
545,0.000808484
546,0.000792784
547,0.000799024
548,0.000801854
549,0.000812063
550,0.000804993
551,0.000787374
552,0.000788894
553,0.000787784
554,0.000793224
555,0.000825704
556,0.000792714
557,0.000796724
558,0.000804004
559,0.000803804
560,0.000805654
561,0.000808784
562,0.000814533
563,0.000822124
564,0.000849904
565,0.000845364
566,0.000856673
567,0.000843773
568,0.000859613
569,0.000864603
570,0.000850603
571,0.000868904
572,0.000848754
573,0.000855803
574,0.000846024
575,0.000864573
576,0.000854613
577,0.000886873
578,0.000864163
579,0.000904983
580,0.000884273
581,0.000868424
582,0.000878203
583,0.000905353
584,0.000874564
585,0.000885313
586,0.000900203
587,0.000915043
588,0.000922432
589,0.000891253
590,0.000889953
591,0.000897253
592,0.000897543
593,0.000901273
594,0.000905903
595,0.000914523
596,0.000922423
597,0.000927823
598,0.000918193
599,0.000922203
600,0.000926383
601,0.000928683
602,0.000935953
603,0.000942182
604,0.000939643
605,0.000945133
606,0.000981053
607,0.000962322
608,0.000946262
609,0.000957463
610,0.000959253
611,0.000967353
612,0.000965012
613,0.000968043
614,0.000973893
615,0.000977052
616,0.000974063
617,0.000977163
618,0.000985832
619,0.000991292
620,0.00102684
621,0.000987493
622,0.000997152
623,0.000996762
624,0.00100282
625,0.00101877
626,0.00100737
627,0.00101797
628,0.00101803
629,0.00105412
630,0.00103584
631,0.00102725
632,0.00102981
633,0.00104525
634,0.00103054
635,0.0010346
636,0.00103667
637,0.00106098
638,0.00104402
639,0.00106957
640,0.00104793
641,0.00110135
642,0.00105835
643,0.0010753
644,0.00106577
645,0.00106645
646,0.00111525
647,0.00108452
648,0.00108746
649,0.00108466
650,0.00113148
651,0.00109393
652,0.00109445
653,0.00114829
654,0.00114288
655,0.00112038
656,0.00112899
657,0.00115249
658,0.00115548
659,0.00112168
660,0.00111885
661,0.00112795
662,0.00116438
663,0.00112873
664,0.00113608
665,0.00114561
666,0.0011748
667,0.00115417
668,0.00114869
669,0.00114565
670,0.00119332
671,0.00117928
672,0.00115563
673,0.00120098
674,0.00119233
675,0.00117841
676,0.00117545
677,0.00118559
678,0.00117865
679,0.00119217
680,0.00119831
681,0.00121346
682,0.00119771
683,0.00121011
684,0.001207
685,0.00127309
686,0.00121501
687,0.00122299
688,0.00122066
689,0.00125475
690,0.00123683
691,0.00124631
692,0.00123256
693,0.0012321
694,0.00128633
695,0.00128081
696,0.00129277
697,0.0012941
698,0.00130033
699,0.00130485
700,0.00127504
701,0.00131315
702,0.00133845
703,0.00133852
704,0.00131984
705,0.00132626
706,0.00133283
707,0.00133623
708,0.00133528
709,0.00134259
710,0.00134461
711,0.00136361
712,0.0013496
713,0.00135522
714,0.00136775
715,0.00136548
716,0.00137272
717,0.00133008
718,0.00133065
719,0.00133315
720,0.00133113
721,0.00136471
722,0.00134429
723,0.00137925
724,0.00140027
725,0.00140534
726,0.00140922
727,0.00141234
728,0.0014161
729,0.0014168
730,0.0014246
731,0.00144383
732,0.00142718
733,0.00143183
734,0.00144263
735,0.0014536
736,0.00146134
737,0.00144999
738,0.00145721
739,0.00146199
740,0.00146017
741,0.00146902
742,0.00147489
743,0.00147584
744,0.00148046
745,0.00147889
746,0.00149447
747,0.00149168
748,0.00149271
749,0.00150111
750,0.00150934
751,0.00153357
752,0.00150839
753,0.00152249
754,0.00152276
755,0.00153816
756,0.0015507
757,0.0015463
758,0.00154238
759,0.00154408
760,0.00155101
761,0.001546
762,0.00161373
763,0.00156676
764,0.00155954
765,0.00160439
766,0.00158935
767,0.00159274
768,0.00158343
769,0.00158126
770,0.00158873
771,0.00158879
772,0.00158883
773,0.00159125
774,0.00159617
775,0.00160614
776,0.00160513
777,0.00161212
778,0.0016183
779,0.00163347
780,0.00162235
781,0.00163079
782,0.0016351
783,0.00164597
784,0.00166743
785,0.0016696
786,0.00165332
787,0.00168157
788,0.00165487
789,0.00165833
790,0.00167396
791,0.0016834
792,0.00166947
793,0.00170991
794,0.00170076
795,0.00168939
796,0.00171157
797,0.001697
798,0.0016985
799,0.00171378
800,0.00172243
801,0.00171479
802,0.00172018
803,0.00172847
804,0.00172623
805,0.00173229
806,0.00174193
807,0.00174557
808,0.0017387
809,0.00175285
810,0.00175068
811,0.00176055
812,0.00176124
813,0.00177003
814,0.00177223
815,0.00176221
816,0.00179369
817,0.00178257
818,0.00178746
819,0.00179361
820,0.00179363
821,0.00179998
822,0.0018173
823,0.00181649
824,0.00181226
825,0.0018161
826,0.0018262
827,0.0018237
828,0.00182406
829,0.00183448
830,0.00184061
831,0.00184853
832,0.00184524
833,0.0018588
834,0.00186253
835,0.00186394
836,0.00186448
837,0.00187882
838,0.00187771
839,0.00188301
840,0.00188207
841,0.00188872
842,0.0018943
843,0.00189608
844,0.00189897
845,0.00190635
846,0.00191728
847,0.00192224
848,0.00191814
849,0.00192384
850,0.00195423
851,0.00193625
852,0.00193633
853,0.00194237
854,0.00194901
855,0.00195494
856,0.00195473
857,0.00195997
858,0.0019716
859,0.00197324
860,0.00197397
861,0.00197831
862,0.00199402
863,0.00199332
864,0.00199235
865,0.00199777
866,0.00200607
867,0.0020086
868,0.00200971
869,0.00202575
870,0.00202169
871,0.00202972
872,0.00202849
873,0.0020356
874,0.00204511
875,0.00203999
876,0.00204945
877,0.0020302
878,0.00203864
879,0.00202839
880,0.00205432
881,0.00200024
882,0.00202883
883,0.00201702
884,0.0020489
885,0.00205417
886,0.00204263
887,0.00205911
888,0.00206566
889,0.00208236
890,0.00205102
891,0.00211447
892,0.00207073
893,0.00209319
894,0.00210648
895,0.00209957
896,0.00215235
897,0.00209092
898,0.00211739
899,0.00210786
900,0.00210507
901,0.00212178
902,0.00212063
903,0.00215008
904,0.00215399
905,0.0021759
906,0.0021171
907,0.00212441
908,0.0021618
909,0.00215024
910,0.00213417
911,0.00217887
912,0.00245245
913,0.00223716
914,0.00223225
915,0.00225284
916,0.00223685
917,0.00224716
918,0.00224741
919,0.00225598
920,0.00225426
921,0.00226555
922,0.00227465
923,0.0022764
924,0.00228365
925,0.00228397
926,0.00229115
927,0.00229651
928,0.00229411
929,0.00230717
930,0.00236198
931,0.0023157
932,0.00231499
933,0.00232668
934,0.00232866
935,0.00233623
936,0.0023375
937,0.00234823
938,0.00232907
939,0.00235459
940,0.00234621
941,0.00236518
942,0.00235885
943,0.00238075
944,0.00238525
945,0.0023844
946,0.00239188
947,0.00240012
948,0.00239611
949,0.00231948
950,0.00240946
951,0.00241601
952,0.00241801
953,0.00236412
954,0.0024299
955,0.0024487
956,0.00243567
957,0.00244313
958,0.00235681
959,0.00245638
960,0.00245806
961,0.00246361
962,0.00247044
963,0.00247729
964,0.00248034
965,0.00241953
966,0.0024806
967,0.00241875
968,0.00241931
969,0.00243027
970,0.00241609
971,0.00243216
972,0.0024252
973,0.00243269
974,0.0024509
975,0.00245534
976,0.00246439
977,0.0024664
978,0.00248603
979,0.00255733
980,0.00248476
981,0.00248253
982,0.00248741
983,0.00249673
984,0.00248903
985,0.00250021
986,0.0025092
987,0.00251277
988,0.00251766
989,0.00252734
990,0.00257558
991,0.00253666
992,0.00252735
993,0.00252551
994,0.00255459
995,0.0025689
996,0.00255437
997,0.00261099
998,0.00256318
999,0.0025751
1000,0.00258916
1001,0.0025866
1002,0.0026237
1003,0.00260104
1004,0.00259513
1005,0.00259108
1006,0.00261721
1007,0.00261971
1008,0.00262715
1009,0.00268041
1010,0.00262689
1011,0.00263436
1012,0.00262838
1013,0.00264087
1014,0.00264702
1015,0.0027539
1016,0.00265217
1017,0.00265798
1018,0.00266394
1019,0.00269203
1020,0.00277749
1021,0.00268181
1022,0.00269782
1023,0.00269455
1024,0.00270088
1025,0.00280617
1026,0.00281601
1027,0.00282131
1028,0.00282515
1029,0.00282271
1030,0.00283794
1031,0.00284396
1032,0.00281441
1033,0.00277996
1034,0.00275828
1035,0.00280954
1036,0.00277533
1037,0.00276784
1038,0.00287999
1039,0.00278671
1040,0.0027772
1041,0.00281737
1042,0.00280064
1043,0.00279865
1044,0.00291201
1045,0.00288261
1046,0.00282309
1047,0.0028314
1048,0.00283683
1049,0.0028212
1050,0.00282987
1051,0.00292104
1052,0.00285173
1053,0.00285395
1054,0.0028682
1055,0.00289448
1056,0.00286725
1057,0.00287877
1058,0.0028803
1059,0.00288099
1060,0.00289836
1061,0.002911
1062,0.00289653
1063,0.00291528
1064,0.00291249
1065,0.0029243
1066,0.00291968
1067,0.00295818
1068,0.00293332
1069,0.00293831
1070,0.00295653
1071,0.00295982
1072,0.00295908
1073,0.0029583
1074,0.00302418
1075,0.00297752
1076,0.0030215
1077,0.00304403
1078,0.00302064
1079,0.00299236
1080,0.00300417
1081,0.00300483
1082,0.00302174
1083,0.00302243
1084,0.00301503
1085,0.0030642
1086,0.00309505
1087,0.00307477
1088,0.00309617
1089,0.00304336
1090,0.00305365
1091,0.00312949
1092,0.00307565
1093,0.00307726
1094,0.00313626
1095,0.00314032
1096,0.0030801
1097,0.00308521
1098,0.00317422
1099,0.00311121
1100,0.00311857
1101,0.00319337
1102,0.00312995
1103,0.00313364
1104,0.00313331
1105,0.00319305
1106,0.0031482
1107,0.00314363
1108,0.00323432
1109,0.00315537
1110,0.00317553
1111,0.00317303
1112,0.00323094
1113,0.00329681
1114,0.00318817
1115,0.00322902
1116,0.00322672
1117,0.00331533
1118,0.00320516
1119,0.00331624
1120,0.00326453
1121,0.00323416
1122,0.00325025
1123,0.00333116
1124,0.00325595
1125,0.00326196
1126,0.00325957
1127,0.00327971
1128,0.00327303
1129,0.00327428
1130,0.00327663
1131,0.00337292
1132,0.00328358
1133,0.00343238
1134,0.00334915
1135,0.0034457
1136,0.00331832
1137,0.00341745
1138,0.00336242
1139,0.00333877
1140,0.00334545
1141,0.0033424
1142,0.00340575
1143,0.00337236
1144,0.00336748
1145,0.00335975
1146,0.00343412
1147,0.00338239
1148,0.00346056
1149,0.00348946
1150,0.00346658
1151,0.00357462
1152,0.00345017
1153,0.00352501
1154,0.00345713
1155,0.00349829
1156,0.00349018
1157,0.00357753
1158,0.00359178
1159,0.00359998
1160,0.00352027
1161,0.00346148
1162,0.00348012
1163,0.00354442
1164,0.00359348
1165,0.00355166
1166,0.00357584
1167,0.00349331
1168,0.00354059
1169,0.0036147
1170,0.00354835
1171,0.00357334
1172,0.00353031
1173,0.00358378
1174,0.00356413
1175,0.00360975
1176,0.00355309
1177,0.00356669
1178,0.00357706
1179,0.00360093
1180,0.00363285
1181,0.0035979
1182,0.00359669
1183,0.00364008
1184,0.00361317
1185,0.00361394
1186,0.00367969
1187,0.00363187
1188,0.0036268
1189,0.00366866
1190,0.00362813
1191,0.00365978
1192,0.00366023
1193,0.00366262
1194,0.00367199
1195,0.00369266
1196,0.00368044
1197,0.00369027
1198,0.00370006
1199,0.00370725
1200,0.00371059
1201,0.00371666
1202,0.0037237
1203,0.0037608
1204,0.00373501
1205,0.00373854
1206,0.00374255
1207,0.00375235
1208,0.00375318
1209,0.00376085
1210,0.00376333
1211,0.00424468
1212,0.00424695
1213,0.00377179
1214,0.00379305
1215,0.00383339
1216,0.00381032
1217,0.0038111
1218,0.00381681
1219,0.00382701
1220,0.0038269
1221,0.00398082
1222,0.00399054
1223,0.00395763
1224,0.00392864
1225,0.00391911
1226,0.0039419
1227,0.00387849
1228,0.00388743
1229,0.00392209
1230,0.00390618
1231,0.003902
1232,0.00390071
1233,0.0039016
1234,0.00396856
1235,0.00405114
1236,0.00398736
1237,0.00403878
1238,0.00400822
1239,0.00411028
1240,0.00407178
1241,0.00404549
1242,0.00397423
1243,0.00396276
1244,0.0040012
1245,0.00404409
1246,0.0039961
1247,0.00403126
1248,0.00400582
1249,0.00401307
1250,0.00402922
1251,0.00402774
1252,0.00403313
1253,0.00403536
1254,0.00404988
1255,0.00405954
1256,0.00405782
1257,0.00407029
1258,0.00407453
1259,0.00413895
1260,0.0040879
1261,0.00410708
1262,0.00416183
1263,0.00411453
1264,0.00419068
1265,0.004119
1266,0.0041271
1267,0.00413182
1268,0.00413804
1269,0.00414033
1270,0.00414983
1271,0.00416059
1272,0.00416154
1273,0.00417673
1274,0.00418052
1275,0.00426028
1276,0.00417977
1277,0.0041916
1278,0.00423611
1279,0.00423013
1280,0.00422564
1281,0.00422347
1282,0.00422899
1283,0.00423553
1284,0.0042423
1285,0.00424547
1286,0.00427062
1287,0.0042661
1288,0.00426276
1289,0.00431381
1290,0.00428544
1291,0.00445419
1292,0.00449133
1293,0.00447827
1294,0.00447808
1295,0.00448402
1296,0.00449408
1297,0.00449975
1298,0.00446468
1299,0.0044288
1300,0.00441616
1301,0.00442001
1302,0.0044651
1303,0.00436549
1304,0.00438218
1305,0.00438096
1306,0.00439344
1307,0.00439692
1308,0.00441102
1309,0.00440377
1310,0.00441878
1311,0.00442334
1312,0.00442358
1313,0.00443626
1314,0.0044959
1315,0.00446503
1316,0.00444842
1317,0.00445871
1318,0.00460211
1319,0.00447472
1320,0.00448067
1321,0.0044942
1322,0.00450945
1323,0.00451022
1324,0.00455083
1325,0.0045199
1326,0.00451955
1327,0.00453507
1328,0.00453517
1329,0.00453585
1330,0.00460116
1331,0.00470691
1332,0.00462884
1333,0.0046794
1334,0.00457423
1335,0.00465115
1336,0.00458686
1337,0.00459134
1338,0.00460417
1339,0.00461207
1340,0.00461653
1341,0.00462254
1342,0.00463945
1343,0.0046448
1344,0.00465847
1345,0.00467299
1346,0.00466107
1347,0.00468903
1348,0.00472008
1349,0.00475012
1350,0.0046928
1351,0.00469532
1352,0.00480839
1353,0.00478452
1354,0.00481914
1355,0.00475755
1356,0.00472579
1357,0.00473114
1358,0.004742
1359,0.0047499
1360,0.00476119
1361,0.00476161
1362,0.00482533
1363,0.00477909
1364,0.00478298
1365,0.00479847
1366,0.0048005
1367,0.00480488
1368,0.00480092
1369,0.00481685
1370,0.0048341
1371,0.00483204
1372,0.00483884
1373,0.00484999
1374,0.00487459
1375,0.00486592
1376,0.00486767
1377,0.00486982
1378,0.004877
1379,0.0048973
1380,0.00488842
1381,0.00496714
1382,0.00499059
1383,0.00494846
1384,0.00492025
1385,0.00493454
1386,0.00493958
1387,0.00494251
1388,0.00495131
1389,0.00493804
1390,0.00496476
1391,0.00497836
1392,0.00497648
1393,0.00498507
1394,0.00499685
1395,0.00501088
1396,0.00500185
1397,0.00501703
1398,0.005026
1399,0.0050303
1400,0.00503239
1401,0.00511038
1402,0.00508994
1403,0.00505944
1404,0.00506469
1405,0.00506483
1406,0.00516273
1407,0.00509631
1408,0.00509709
1409,0.00509406
1410,0.00511353
1411,0.00512724
1412,0.00511356
1413,0.00513056
1414,0.00514637
1415,0.00515639
1416,0.00514482
1417,0.00515938
1418,0.00517166
1419,0.00517545
1420,0.00518126
1421,0.0051913
1422,0.00518567
1423,0.00520635
1424,0.00521026
1425,0.00521427
1426,0.00523535
1427,0.005323
1428,0.00523844
1429,0.00546778
1430,0.00545815
1431,0.00543333
1432,0.00532782
1433,0.00527452
1434,0.00536017
1435,0.00529212
1436,0.00529401
1437,0.00529951
1438,0.00531393
1439,0.00532425
1440,0.00532161
1441,0.00532681
1442,0.00535905
1443,0.00535621
1444,0.00534725
1445,0.0053893
1446,0.00538771
1447,0.00539085
1448,0.0053764
1449,0.00538965
1450,0.00540655
1451,0.00541811
1452,0.00542669
1453,0.00542106
1454,0.00543948
1455,0.00544564
1456,0.00543845
1457,0.00544763
1458,0.00546883
1459,0.0054656
1460,0.00547304
1461,0.00548182
1462,0.00549438
1463,0.00558536
1464,0.00549934
1465,0.00551106
1466,0.0055229
1467,0.00554084
1468,0.00553147
1469,0.00556535
1470,0.00556346
1471,0.00556251
1472,0.00557804
1473,0.00557226
1474,0.00558975
1475,0.00559732
1476,0.00563217
1477,0.00559885
1478,0.00561759
1479,0.00562962
1480,0.005621
1481,0.00562757
1482,0.00570151
1483,0.00565791
1484,0.00570769
1485,0.00566334
1486,0.00567162
1487,0.00569361
1488,0.00568797
1489,0.00569027
1490,0.00570323
1491,0.00571032
1492,0.00571471
1493,0.00572792
1494,0.00573094
1495,0.00579419
1496,0.00574296
1497,0.00576715
1498,0.00576585
1499,0.00581872
1500,0.00583119
