size,time_seconds
2,2.2e-07
3,1.2e-07
4,2.3e-07
5,1.1e-07
6,4e-08
7,4e-08
8,3e-08
9,1.4e-07
10,1.3e-07
11,1.4e-07
12,8e-08
13,7e-08
14,7e-08
15,7e-08
16,6e-08
17,1e-07
18,7e-08
19,8e-08
20,8e-08
21,2.3e-07
22,1.1e-07
23,1e-07
24,1.1e-07
25,1.3e-07
26,2.1e-07
27,1.4e-07
28,1.3e-07
29,1.5e-07
30,1.6e-07
31,2.4e-07
32,2.4e-07
33,1.9e-07
34,2e-07
35,4.6e-07
36,2.3e-07
37,2.5e-07
38,2.6e-07
39,4e-07
40,2.8e-07
41,3e-07
42,4.6e-07
43,3.1e-07
44,3.2e-07
45,5.5e-07
46,3.8e-07
47,3.7e-07
48,8.4e-07
49,4.3e-07
50,7.5e-07
51,6.1e-07
52,5e-07
53,7e-07
54,8.4e-07
55,1.11e-06
56,7.6e-07
57,7.8e-07
58,1.12e-06
59,6.9e-07
60,1.04e-06
61,7.6e-07
62,1e-06
63,8e-07
64,1.07e-06
65,8.6e-07
66,1.35e-06
67,9.6e-07
68,1.51e-06
69,9.9e-07
70,1.14e-06
71,1.17e-06
72,1.2e-06
73,1.26e-06
74,1.25e-06
75,1.33e-06
76,1.33e-06
77,1.39e-06
78,1.35e-06
79,1.5e-06
80,1.57e-06
81,1.45e-06
82,1.5e-06
83,1.74e-06
84,1.62e-06
85,1.78e-06
86,1.62e-06
87,1.66e-06
88,1.75e-06
89,1.739e-06
90,1.87e-06
91,1.86e-06
92,5.45e-06
93,2.81e-06
94,1.76e-06
95,2.86e-06
96,2.9e-06
97,7.89e-06
98,1.91e-06
99,3.01e-06
100,3.06e-06
101,3.15e-06
102,3.04e-06
103,2.18e-06
104,3.33e-06
105,3.27e-06
106,3.23e-06
107,3.4e-06
108,2.37e-06
109,3.81e-06
110,3.49e-06
111,3.78e-06
112,3.72e-06
113,3.84e-06
114,3.69e-06
115,3.72e-06
116,2.71e-06
117,4.08e-06
118,3.92e-06
119,4.2e-06
120,4.3e-06
121,4.27e-06
122,4.44e-06
123,4.3e-06
124,4.48e-06
125,4.31e-06
126,4.48e-06
127,4.36e-06
128,4.58e-06
129,4.58e-06
130,6.12e-06
131,5.13e-06
132,7.29e-06
133,5.49e-06
134,8.85e-06
135,5.36e-06
136,5.64e-06
137,5.62e-06
138,5.8e-06
139,5.61e-06
140,5.84e-06
141,6.95e-06
142,5.75e-06
143,5.87e-06
144,5.95e-06
145,5.91e-06
146,6.17e-06
147,6.06e-06
148,6.18e-06
149,7.28e-06
150,6.329e-06
151,6.31e-06
152,6.48e-06
153,7.77e-06
154,7.81e-06
155,6.43e-06
156,7.47e-06
157,7.63e-06
158,7.46e-06
159,1.149e-05
160,8.28e-06
161,7.26e-06
162,7.69e-06
163,8.15e-06
164,7.64e-06
165,7.51e-06
166,8.89e-06
167,7.81e-06
168,7.74e-06
169,7.899e-06
170,8.75e-06
171,8.23e-06
172,1.151e-05
173,9.53e-06
174,8.17e-06
175,8.53e-06
176,9.85e-06
177,8.7e-06
178,1.025e-05
179,8.87e-06
180,8.77e-06
181,1.017e-05
182,9.33e-06
183,1.2809e-05
184,1.086e-05
185,1.045e-05
186,9.8e-06
187,1.026e-05
188,1.069e-05
189,9.349e-06
190,1.053e-05
191,9.58e-06
192,1.137e-05
193,1.022e-05
194,1.179e-05
195,1.014e-05
196,1.237e-05
197,1.068e-05
198,1.1939e-05
199,2.226e-05
200,1.127e-05
201,1.351e-05
202,1.128e-05
203,1.7079e-05
204,1.158e-05
205,1.359e-05
206,1.473e-05
207,1.348e-05
208,1.374e-05
209,1.157e-05
210,1.5209e-05
211,1.397e-05
212,1.273e-05
213,1.532e-05
214,1.377e-05
215,1.2149e-05
216,1.484e-05
217,1.596e-05
218,1.505e-05
219,1.3299e-05
220,1.631e-05
221,1.657e-05
222,1.62e-05
223,1.6959e-05
224,1.95e-05
225,1.663e-05
226,1.748e-05
227,1.784e-05
228,1.961e-05
229,1.915e-05
230,1.973e-05
231,1.702e-05
232,1.9459e-05
233,1.9839e-05
234,1.963e-05
235,1.833e-05
236,2.345e-05
237,2.064e-05
238,2.173e-05
239,2.3959e-05
240,2.167e-05
241,2.228e-05
242,2.0609e-05
243,2.348e-05
244,2.086e-05
245,2.059e-05
246,2.2809e-05
247,2.225e-05
248,2.436e-05
249,2.4219e-05
250,2.638e-05
251,2.439e-05
252,2.793e-05
253,2.586e-05
254,2.806e-05
255,3.0389e-05
256,2.5259e-05
257,2.4529e-05
258,2.27e-05
259,2.527e-05
260,2.788e-05
261,2.976e-05
262,2.9219e-05
263,2.702e-05
264,2.883e-05
265,2.868e-05
266,3.1519e-05
267,2.88e-05
268,2.988e-05
269,3.026e-05
270,3.353e-05
271,3.04e-05
272,3.29e-05
273,3.2919e-05
274,3.3759e-05
275,2.927e-05
276,3.295e-05
277,3.215e-05
278,3.122e-05
279,3.246e-05
280,3.247e-05
281,3.234e-05
282,3.14e-05
283,3.3059e-05
284,3.3019e-05
285,3.543e-05
286,3.371e-05
287,3.4479e-05
288,3.453e-05
289,2.6859e-05
290,3.372e-05
291,3.573e-05
292,3.579e-05
293,3.3699e-05
294,3.609e-05
295,3.958e-05
296,3.38e-05
297,2.47e-05
298,2.681e-05
299,2.3329e-05
300,2.402e-05
301,2.48e-05
302,2.406e-05
303,2.41e-05
304,2.5e-05
305,2.4369e-05
306,2.7169e-05
307,2.4949e-05
308,2.477e-05
309,2.558e-05
310,2.831e-05
311,2.8089e-05
312,2.525e-05
313,2.569e-05
314,2.4999e-05
315,2.533e-05
316,2.7779e-05
317,2.633e-05
318,2.6349e-05
319,2.582e-05
320,2.866e-05
321,3.468e-05
322,2.791e-05
323,3.071e-05
324,3.631e-05
325,2.7599e-05
326,2.886e-05
327,3.011e-05
328,2.9099e-05
329,2.957e-05
330,2.9079e-05
331,3.52e-05
332,2.9729e-05
333,3.361e-05
334,3.201e-05
335,2.9739e-05
336,3.504e-05
337,2.952e-05
338,3.144e-05
339,3.112e-05
340,3.005e-05
341,3.1709e-05
342,3.1139e-05
343,3.0639e-05
344,3.25e-05
345,3.174e-05
346,3.3309e-05
347,3.132e-05
348,3.5299e-05
349,3.217e-05
350,3.1349e-05
351,3.379e-05
352,3.4799e-05
353,3.43e-05
354,3.165e-05
355,3.3359e-05
356,3.3729e-05
357,3.553e-05
358,3.474e-05
359,3.6519e-05
360,3.4359e-05
361,3.4419e-05
362,3.2609e-05
363,3.32e-05
364,3.3229e-05
365,3.4499e-05
366,3.467e-05
367,3.5699e-05
368,3.467e-05
369,3.45e-05
370,3.7479e-05
371,3.617e-05
372,3.6879e-05
373,3.4659e-05
374,3.447e-05
375,3.5699e-05
376,3.59e-05
377,3.548e-05
378,3.5879e-05
379,6.1429e-05
380,3.9949e-05
381,3.6169e-05
382,3.6469e-05
383,3.5869e-05
384,3.6789e-05
385,3.727e-05
386,3.727e-05
387,3.702e-05
388,3.7129e-05
389,3.729e-05
390,3.788e-05
391,4.0079e-05
392,3.8479e-05
393,3.929e-05
394,3.8e-05
395,3.9929e-05
396,3.895e-05
397,5.4339e-05
398,3.8759e-05
399,3.9259e-05
400,3.8979e-05
401,4.3409e-05
402,3.9419e-05
403,4.362e-05
404,4.0969e-05
405,4.09e-05
406,4.049e-05
407,4.019e-05
408,4.0969e-05
409,4.0509e-05
410,4.384e-05
411,4.091e-05
412,4.886e-05
413,4.115e-05
414,4.0989e-05
415,4.4309e-05
416,4.6099e-05
417,4.19e-05
418,4.172e-05
419,4.35e-05
420,4.49e-05
421,4.3039e-05
422,4.371e-05
423,4.3679e-05
424,4.351e-05
425,4.536e-05
426,4.4829e-05
427,4.4089e-05
428,4.403e-05
429,4.769e-05
430,4.423e-05
431,4.4889e-05
432,4.6099e-05
433,4.8129e-05
434,4.591e-05
435,4.567e-05
436,4.6739e-05
437,4.883e-05
438,4.5369e-05
439,4.957e-05
440,5.2129e-05
441,4.9629e-05
442,4.68e-05
443,4.6669e-05
444,5.4539e-05
445,4.7329e-05
446,4.9119e-05
447,4.7269e-05
448,5.1719e-05
449,4.79e-05
450,4.89e-05
451,4.8599e-05
452,4.9589e-05
453,4.875e-05
454,5.1149e-05
455,5.026e-05
456,6.243e-05
457,6.1419e-05
458,5.826e-05
459,5.545e-05
460,5.2689e-05
461,5.434e-05
462,5.349e-05
463,5.241e-05
464,5.381e-05
465,5.35e-05
466,5.5339e-05
467,5.7769e-05
468,5.3399e-05
469,5.4839e-05
470,5.7179e-05
471,5.401e-05
472,5.592e-05
473,5.612e-05
474,6.9809e-05
475,6.908e-05
476,5.994e-05
477,5.7929e-05
478,5.5389e-05
479,5.722e-05
480,6.154e-05
481,5.968e-05
482,5.652e-05
483,6.131e-05
484,6.5039e-05
485,5.8559e-05
486,5.7759e-05
487,5.8659e-05
488,5.961e-05
489,6.3759e-05
490,6.0419e-05
491,5.935e-05
492,6.2469e-05
493,6.1139e-05
494,7.9449e-05
495,5.9999e-05
496,6.047e-05
497,5.824e-05
498,6.9809e-05
499,6.1419e-05
500,6.3529e-05
501,6.3279e-05
502,6.1969e-05
503,5.9599e-05
504,6.4299e-05
505,6.2689e-05
506,6.2129e-05
507,6.2769e-05
508,6.4519e-05
509,6.3349e-05
510,6.0829e-05
511,6.5019e-05
512,6.351e-05
513,6.6759e-05
514,6.1889e-05
515,6.629e-05
516,6.2999e-05
517,6.2949e-05
518,6.8159e-05
519,6.4649e-05
520,8.2179e-05
521,6.4829e-05
522,6.403e-05
523,6.7309e-05
524,8.0559e-05
525,6.8309e-05
526,6.4619e-05
527,6.5749e-05
528,6.7759e-05
529,7.0239e-05
530,6.5879e-05
531,6.9369e-05
532,6.995e-05
533,6.8269e-05
534,6.7029e-05
535,6.7219e-05
536,6.943e-05
537,6.8269e-05
538,7.2059e-05
539,7.332e-05
540,6.9869e-05
541,7.1189e-05
542,6.7899e-05
543,7.0649e-05
544,7.1339e-05
545,7.2809e-05
546,6.8839e-05
547,7.1539e-05
548,7.007e-05
549,7.1009e-05
550,9.4289e-05
551,7.149e-05
552,7.2309e-05
553,7.4639e-05
554,7.2269e-05
555,7.198e-05
556,7.6239e-05
557,8.2179e-05
558,7.3899e-05
559,7.2799e-05
560,7.862e-05
561,7.3209e-05
562,7.4179e-05
563,7.7439e-05
564,7.4459e-05
565,8.0759e-05
566,7.8149e-05
567,7.9129e-05
568,7.7389e-05
569,7.7759e-05
570,7.5219e-05
571,7.6649e-05
572,7.7719e-05
573,7.7479e-05
574,8.4339e-05
575,7.7689e-05
576,8.3529e-05
577,8.0189e-05
578,7.7539e-05
579,8.1489e-05
580,8.3029e-05
581,8.2259e-05
582,7.9519e-05
583,8.2759e-05
584,8.5489e-05
585,9.5389e-05
586,9.1949e-05
587,8.718e-05
588,8.4119e-05
589,8.2249e-05
590,0.000100839
591,8.7369e-05
592,8.6609e-05
593,8.6069e-05
594,8.8369e-05
595,8.5789e-05
596,9.5599e-05
597,8.8759e-05
598,8.7019e-05
599,8.637e-05
600,8.8899e-05
601,8.9019e-05
602,8.6929e-05
603,8.9929e-05
604,8.7669e-05
605,8.842e-05
606,0.000132299
607,9.8189e-05
608,8.8819e-05
609,8.9959e-05
610,8.789e-05
611,9.0619e-05
612,8.7629e-05
613,9.3379e-05
614,8.8299e-05
615,9.0309e-05
616,9.548e-05
617,8.9349e-05
618,8.8239e-05
619,9.4409e-05
620,0.000101519
621,0.000103039
622,0.000102959
623,9.9759e-05
624,9.4569e-05
625,9.3229e-05
626,9.4769e-05
627,0.000107909
628,9.8379e-05
629,9.9979e-05
630,9.4179e-05
631,9.7979e-05
632,9.7109e-05
633,9.7369e-05
634,0.000122119
635,9.8769e-05
636,9.7689e-05
637,9.5729e-05
638,9.2529e-05
639,9.8079e-05
640,9.4829e-05
641,9.8839e-05
642,9.6239e-05
643,0.000100859
644,9.7369e-05
645,0.000103549
646,0.000101739
647,9.6999e-05
648,9.6919e-05
649,0.000103789
650,9.6629e-05
651,0.000102239
652,9.8779e-05
653,0.000100179
654,0.000102409
655,0.000103069
656,0.000103519
657,0.000119149
658,9.9159e-05
659,0.000100389
660,0.000104459
661,0.000106259
662,9.9979e-05
663,0.000106669
664,0.000103139
665,0.000101989
666,0.000107119
667,0.000104359
668,0.000102808
669,0.000105839
670,0.000108359
671,0.000105229
672,0.000104009
673,0.000129039
674,0.000103369
675,0.000125119
676,0.000109139
677,0.000106749
678,0.000105259
679,0.000111009
680,0.000106149
681,0.000113829
682,0.000112099
683,0.000109009
684,0.000108259
685,0.000113909
686,0.000123199
687,0.000117988
688,0.000114719
689,0.000111889
690,0.000119119
691,0.000113338
692,0.000114248
693,0.000132759
694,0.000126069
695,0.000113849
696,0.000112498
697,0.000117319
698,0.000118068
699,0.000118329
700,0.000112839
701,0.000112579
702,0.000114049
703,0.000113419
704,0.000255458
705,0.000117389
706,0.000114419
707,0.000114429
708,0.000157248
709,0.000115119
710,0.000120838
711,0.000116599
712,0.000117199
713,0.000120239
714,0.000121999
715,0.000121149
716,0.000118589
717,0.000128819
718,0.000118149
719,0.000121989
720,0.000119809
721,0.000121849
722,0.000124699
723,0.000121839
724,0.000123939
725,0.000207077
726,0.000225867
727,0.000210878
728,0.000228318
729,0.000225728
730,0.000231538
731,0.000231498
732,0.000228788
733,0.000227117
734,0.000234808
735,0.000226628
736,0.000233338
737,0.000344137
738,0.000223408
739,0.000215148
740,0.000247998
741,0.000225588
742,0.000227177
743,0.000206037
744,0.000205458
745,0.000208578
746,0.000228758
747,0.000211798
748,0.000167558
749,0.000208588
750,0.000243737
751,0.000212627
752,0.000214657
753,0.000217628
754,0.000243748
755,0.000217528
756,0.000221217
757,0.000218498
758,0.000247617
759,0.000211058
760,0.000225388
761,0.000223618
762,0.000213118
763,0.000246497
764,0.000259948
765,0.000225187
766,0.000226017
767,0.000229598
768,0.000227748
769,0.000227518
770,0.000234078
771,0.000224228
772,0.000232778
773,0.000240467
774,0.000231877
775,0.000223378
776,0.000239718
777,0.000225918
778,0.000229897
779,0.000228737
780,0.000238077
781,0.000253837
782,0.000231928
783,0.000225058
784,0.000241058
785,0.000236098
786,0.000229798
787,0.000236028
788,0.000257387
789,0.000236137
790,0.000239857
791,0.000262188
792,0.000238608
793,0.000235668
794,0.000250007
795,0.000244518
796,0.000262287
797,0.000255197
798,0.000276047
799,0.000198448
800,0.000211768
801,0.000293947
802,0.000263138
803,0.000253747
804,0.000245217
805,0.000271307
806,0.000244818
807,0.000246388
808,0.000215057
809,0.000266017
810,0.000260277
811,0.000250668
812,0.000249937
813,0.000246798
814,0.000255098
815,0.000276287
816,0.000254028
817,0.000250577
818,0.000256628
819,0.000261978
820,0.000250708
821,0.000257487
822,0.000258877
823,0.000260027
824,0.000262557
825,0.000302287
826,0.000257577
827,0.000259178
828,0.000262688
829,0.000263587
830,0.000259147
831,0.000269387
832,0.000273168
833,0.000304077
834,0.000258028
835,0.000268487
836,0.000261397
837,0.000283667
838,0.000281587
839,0.000265688
840,0.000260937
841,0.000308347
842,0.000267157
843,0.000278877
844,0.000267727
845,0.000274248
846,0.000278697
847,0.000271447
848,0.000272667
849,0.000232297
850,0.000280807
851,0.000310537
852,0.000284317
853,0.000279048
854,0.000286718
855,0.000279367
856,0.000282507
857,0.000321187
858,0.000283287
859,0.000283867
860,0.000290707
861,0.000294267
862,0.000276817
863,0.000298267
864,0.000289367
865,0.000284488
866,0.000360816
867,0.000293137
868,0.000292017
869,0.000478715
870,0.000311886
871,0.000331147
872,0.000291327
873,0.000298887
874,0.000341727
875,0.000300497
876,0.000293997
877,0.000292787
878,0.000339336
879,0.000376716
880,0.000366716
881,0.000345387
882,0.000344206
883,0.000346466
884,0.000339627
885,0.000451215
886,0.000349696
887,0.000337417
888,0.000437056
889,0.000316437
890,0.000331546
891,0.000331036
892,0.000319516
893,0.000310606
894,0.000329226
895,0.000331357
896,0.000336716
897,0.000328176
898,0.000330647
899,0.000348627
900,0.000332826
901,0.000337187
902,0.000344617
903,0.000334736
904,0.000359007
905,0.000337356
906,0.000355567
907,0.000355876
908,0.000333916
909,0.000365547
910,0.000354976
911,0.000355066
912,0.000352947
913,0.000358027
914,0.000339887
915,0.000355567
916,0.000346447
917,0.000351316
918,0.000377776
919,0.000360616
920,0.000353986
921,0.000352726
922,0.000349036
923,0.000370087
924,0.000278977
925,0.000337576
926,0.000350696
927,0.000362596
928,0.000339407
929,0.000338736
930,0.000346696
931,0.000352496
932,0.000353896
933,0.000351146
934,0.000380986
935,0.000389906
936,0.000350556
937,0.000352397
938,0.000347976
939,0.000350887
940,0.000396456
941,0.000379216
942,0.000351276
943,0.000367346
944,0.000366236
945,0.000366656
946,0.000355437
947,0.000351986
948,0.000361597
949,0.000363386
950,0.000357536
951,0.000366296
952,0.000357036
953,0.000367697
954,0.000321376
955,0.000366176
956,0.000366316
957,0.000363856
958,0.000382806
959,0.000370576
960,0.000363506
961,0.000369417
962,0.000364636
963,0.000340226
964,0.000369966
965,0.000377716
966,0.000375436
967,0.000392276
968,0.000378227
969,0.000301597
970,0.000367066
971,0.000313087
972,0.000414425
973,0.000378156
974,0.000365867
975,0.000377146
976,0.000378586
977,0.000382386
978,0.000379876
979,0.000378306
980,0.000382246
981,0.000391806
982,0.000385346
983,0.000391726
984,0.000393386
985,0.000390356
986,0.000387096
987,0.000388936
988,0.000389856
989,0.000383316
990,0.000401986
991,0.000388916
992,0.000397906
993,0.000398096
994,0.000428156
995,0.000423446
996,0.000403336
997,0.000396266
998,0.000401395
999,0.000406916
1000,0.000403556
1001,0.000409136
1002,0.000405165
1003,0.000408626
1004,0.000458675
1005,0.000422545
1006,0.000408256
1007,0.000399725
1008,0.000338046
1009,0.000409596
1010,0.000445885
1011,0.000435856
1012,0.000418346
1013,0.000417795
1014,0.000412436
1015,0.000419446
1016,0.000414196
1017,0.000416976
1018,0.000444126
1019,0.000423436
1020,0.000423146
1021,0.000477575
1022,0.000415405
1023,0.000424496
1024,0.000422316
1025,0.000428916
1026,0.000423996
1027,0.000439126
1028,0.000426135
1029,0.000431205
1030,0.000420966
1031,0.000431386
1032,0.000433465
1033,0.000441765
1034,0.000436965
1035,0.000440085
1036,0.000440656
1037,0.000455526
1038,0.000422286
1039,0.000370547
1040,0.000445725
1041,0.000473695
1042,0.000437555
1043,0.000443725
1044,0.000433176
1045,0.000448435
1046,0.000437376
1047,0.000437846
1048,0.000447396
1049,0.000464535
1050,0.000459725
1051,0.000448795
1052,0.000441455
1053,0.000474555
1054,0.000465595
1055,0.000453816
1056,0.000454275
1057,0.000440045
1058,0.000447825
1059,0.000454356
1060,0.000460545
1061,0.000455835
1062,0.000453976
1063,0.000394655
1064,0.000457656
1065,0.000463205
1066,0.000463606
1067,0.000467186
1068,0.000454225
1069,0.000452685
1070,0.000470025
1071,0.000478805
1072,0.000478915
1073,0.000483025
1074,0.000544794
1075,0.000511625
1076,0.000483325
1077,0.000471035
1078,0.000468505
1079,0.000412165
1080,0.000477705
1081,0.000472315
1082,0.000502485
1083,0.000482995
1084,0.000482385
1085,0.000488105
1086,0.000484515
1087,0.000478585
1088,0.000478975
1089,0.000498185
1090,0.000459195
1091,0.000521935
1092,0.000478875
1093,0.000499885
1094,0.000491655
1095,0.000485055
1096,0.000511005
1097,0.000533705
1098,0.000504555
1099,0.000524834
1100,0.000454705
1101,0.000497045
1102,0.000478245
1103,0.000491055
1104,0.000491745
1105,0.000496505
1106,0.000499235
1107,0.000506195
1108,0.000500875
1109,0.000540414
1110,0.000497775
1111,0.000537125
1112,0.000505244
1113,0.000498554
1114,0.000570505
1115,0.000513174
1116,0.000498215
1117,0.000571794
1118,0.000513045
1119,0.000501415
1120,0.000506585
1121,0.000513735
1122,0.000590954
1123,0.000525745
1124,0.000532964
1125,0.000522185
1126,0.000549074
1127,0.000710323
1128,0.000536715
1129,0.000536885
1130,0.000512575
1131,0.000529505
1132,0.000524985
1133,0.000553085
1134,0.000544644
1135,0.000645533
1136,0.000553655
1137,0.000540155
1138,0.000535374
1139,0.000562285
1140,0.000555724
1141,0.000535984
1142,0.000556594
1143,0.000624093
1144,0.000553564
1145,0.000571085
1146,0.000570944
1147,0.000549444
1148,0.000544464
1149,0.000577104
1150,0.000532344
1151,0.000540085
1152,0.000550444
1153,0.000556984
1154,0.000545985
1155,0.000555154
1156,0.000554714
1157,0.000565324
1158,0.000557354
1159,0.000571484
1160,0.000605974
1161,0.000572694
1162,0.000546435
1163,0.000567914
1164,0.000572564
1165,0.000603784
1166,0.000575285
1167,0.000580444
1168,0.000587694
1169,0.000626224
1170,0.000574404
1171,0.000570324
1172,0.000574074
1173,0.000565984
1174,0.000573055
1175,0.000575634
1176,0.000606034
1177,0.000605734
1178,0.000595563
1179,0.000599494
1180,0.000597004
1181,0.000579364
1182,0.000614323
1183,0.000599774
1184,0.000590714
1185,0.000603854
1186,0.000609054
1187,0.000601114
1188,0.000600094
1189,0.000631453
1190,0.000610094
1191,0.000605844
1192,0.000594295
1193,0.000619173
1194,0.000608434
1195,0.000688663
1196,0.000676663
1197,0.000644923
1198,0.000627964
1199,0.000638164
1200,0.000623524
1201,0.000627304
1202,0.000636503
1203,0.000638403
1204,0.000656263
1205,0.000610384
1206,0.000639633
1207,0.000655163
1208,0.000626944
1209,0.000623044
1210,0.000661863
1211,0.000639153
1212,0.000723532
1213,0.000658374
1214,0.000579834
1215,0.000592984
1216,0.000623224
1217,0.000643944
1218,0.000643103
1219,0.000786391
1220,0.000644733
1221,0.000677413
1222,0.000661973
1223,0.000670234
1224,0.000692163
1225,0.000683353
1226,0.000663293
1227,0.000669493
1228,0.000674983
1229,0.000703673
1230,0.000681513
1231,0.000660714
1232,0.000662213
1233,0.000674973
1234,0.000696713
1235,0.000716372
1236,0.000702533
1237,0.000695113
1238,0.000693132
1239,0.000684423
1240,0.000717393
1241,0.000813252
1242,0.000727303
1243,0.000653484
1244,0.000711543
1245,0.000714493
1246,0.000648343
1247,0.000695462
1248,0.000680794
1249,0.000709603
1250,0.000693903
1251,0.000714983
1252,0.000728223
1253,0.000698503
1254,0.000724612
1255,0.000714462
1256,0.000736782
1257,0.000707113
1258,0.000720123
1259,0.000743402
1260,0.000708113
1261,0.000718112
1262,0.000723812
1263,0.000731143
1264,0.000735053
1265,0.000789332
1266,0.000762202
1267,0.000755393
1268,0.000761122
1269,0.000735522
1270,0.000736283
1271,0.000769492
1272,0.000767022
1273,0.000786472
1274,0.000763212
1275,0.000716633
1276,0.000778802
1277,0.000754452
1278,0.000723043
1279,0.000728003
1280,0.000735372
1281,0.000739993
1282,0.000729432
1283,0.000779082
1284,0.000742342
1285,0.000748782
1286,0.000793892
1287,0.000778652
1288,0.000800342
1289,0.000815201
1290,0.000788772
1291,0.000793812
1292,0.000804942
1293,0.000818622
1294,0.000949751
1295,0.000845771
1296,0.000792372
1297,0.000878021
1298,0.000806742
1299,0.000798872
1300,0.000805112
1301,0.000893481
1302,0.000787832
1303,0.000848741
1304,0.000774842
1305,0.000859541
1306,0.000857171
1307,0.000820882
1308,0.000872081
1309,0.000810712
1310,0.000839932
1311,0.000869601
1312,0.000803822
1313,0.000860551
1314,0.000824452
1315,0.000881741
1316,0.000879841
1317,0.000876601
1318,0.000833381
1319,0.000838291
1320,0.000850101
1321,0.000871851
1322,0.000846881
1323,0.00093697
1324,0.00102006
1325,0.000889501
1326,0.000893691
1327,0.000889691
1328,0.000898671
1329,0.000837681
1330,0.000882261
1331,0.000893571
1332,0.000863742
1333,0.000861581
1334,0.000867691
1335,0.000900311
1336,0.000905071
1337,0.00127238
1338,0.000965721
1339,0.000895181
1340,0.000841442
1341,0.000888411
1342,0.000893911
1343,0.00096792
1344,0.000856781
1345,0.000939221
1346,0.000901891
1347,0.000893691
1348,0.000862821
1349,0.00096544
1350,0.00097563
1351,0.000921381
1352,0.000953221
1353,0.00097104
1354,0.000932401
1355,0.00097885
1356,0.00098354
1357,0.00098025
1358,0.00095607
1359,0.00104569
1360,0.00094296
1361,0.00099344
1362,0.00104693
1363,0.0010759
1364,0.00101428
1365,0.00102329
1366,0.00099776
1367,0.00098492
1368,0.000956791
1369,0.00098628
1370,0.00103803
1371,0.00104941
1372,0.00102789
1373,0.00100991
1374,0.00098622
1375,0.00096915
1376,0.00105783
1377,0.00104925
1378,0.00104798
1379,0.00104398
1380,0.00103216
1381,0.00119404
1382,0.00109632
1383,0.00107567
1384,0.00110368
1385,0.00107219
1386,0.0010157
1387,0.00106871
1388,0.00108438
1389,0.00121242
1390,0.0010687
1391,0.00105757
1392,0.0010648
1393,0.00111347
1394,0.00108373
1395,0.00110738
1396,0.00107882
1397,0.00105546
1398,0.00105591
1399,0.00107899
1400,0.00113175
1401,0.00107471
1402,0.00106679
1403,0.00107181
1404,0.00097094
1405,0.00108384
1406,0.00098469
1407,0.00114484
1408,0.0010216
1409,0.00109579
1410,0.00098053
1411,0.00115078
1412,0.0010346
1413,0.00112792
1414,0.00112961
1415,0.00110259
1416,0.00114298
1417,0.00114918
1418,0.00113669
1419,0.00119392
1420,0.00115953
1421,0.00114659
1422,0.00111992
1423,0.00116897
1424,0.00119106
1425,0.00119293
1426,0.00117578
1427,0.00107525
1428,0.00119953
1429,0.00123162
1430,0.00118558
1431,0.00119434
1432,0.0012267
1433,0.00122745
1434,0.00108768
1435,0.00121309
1436,0.00118633
1437,0.0013011
1438,0.00123094
1439,0.00121406
1440,0.00106546
1441,0.00120291
1442,0.00130834
1443,0.00122646
1444,0.00127406
1445,0.00123238
1446,0.00123422
1447,0.00122856
1448,0.00126374
1449,0.00128246
1450,0.00130371
1451,0.0012593
1452,0.00133364
1453,0.00137003
1454,0.0013584
1455,0.00125485
1456,0.00126741
1457,0.00127273
1458,0.00138451
1459,0.00133085
1460,0.00130659
1461,0.00132163
1462,0.00127814
1463,0.00131754
1464,0.0012978
1465,0.00128434
1466,0.00127126
1467,0.00128192
1468,0.0011617
1469,0.00131367
1470,0.0013959
1471,0.00132798
1472,0.00117514
1473,0.00130321
1474,0.00137419
1475,0.00134957
1476,0.00118747
1477,0.00132411
1478,0.0013035
1479,0.00135009
1480,0.00133438
1481,0.00135445
1482,0.00139395
1483,0.00137207
1484,0.0013477
1485,0.00138922
1486,0.0013782
1487,0.00138656
1488,0.0014178
1489,0.00138035
1490,0.00145614
1491,0.0014373
1492,0.00139841
1493,0.00139545
1494,0.00141509
1495,0.00141677
1496,0.00141675
1497,0.00162697
1498,0.00148586
1499,0.00142986
1500,0.00140138
