size,time_seconds
2,7.6e-07
3,3.5e-07
4,1.3e-07
5,2.1e-07
6,1.2e-07
7,1.5e-07
8,1.3e-07
9,1.1e-07
10,3.8e-07
11,1.1e-07
12,1.9e-07
13,1.6e-07
14,1.4e-07
15,2.1e-07
16,1.6e-07
17,1.8e-07
18,1.8e-07
19,2.8e-07
20,2.1e-07
21,2e-07
22,3.2e-07
23,3.3e-07
24,4.2e-07
25,4.3e-07
26,6e-07
27,4.6e-07
28,4.8e-07
29,3.6e-07
30,5.4e-07
31,4e-07
32,5.5e-07
33,4.9e-07
34,8.2e-07
35,5.1e-07
36,6.2e-07
37,8.9e-07
38,6.8e-07
39,8e-07
40,1.21e-06
41,1.14e-06
42,1.1e-06
43,8.9e-07
44,9.6e-07
45,9.5e-07
46,1.02e-06
47,1.27e-06
48,1.37e-06
49,1.38e-06
50,1.42e-06
51,1.53e-06
52,1.65e-06
53,1.56e-06
54,1.43e-06
55,1.59e-06
56,1.84e-06
57,1.79e-06
58,1.64e-06
59,1.72e-06
60,1.76e-06
61,2.32e-06
62,1.94e-06
63,2.06e-06
64,2.74e-06
65,2.1e-06
66,2.27e-06
67,2.3e-06
68,2.54e-06
69,2.479e-06
70,2.55e-06
71,2.549e-06
72,2.84e-06
73,2.84e-06
74,2.81e-06
75,3.42e-06
76,2.94e-06
77,3.06e-06
78,3.19e-06
79,3.32e-06
80,3.27e-06
81,3.23e-06
82,3.78e-06
83,3.53e-06
84,3.59e-06
85,3.67e-06
86,3.62e-06
87,4.03e-06
88,4.08e-06
89,3.99e-06
90,3.98e-06
91,4.22e-06
92,4.31e-06
93,4.21e-06
94,4.64e-06
95,4.42e-06
96,4.55e-06
97,4.61e-06
98,4.74e-06
99,4.85e-06
100,4.87e-06
101,5.02e-06
102,5.11e-06
103,5.3e-06
104,5.54e-06
105,5.32e-06
106,5.52e-06
107,5.56e-06
108,5.659e-06
109,5.78e-06
110,6.29e-06
111,6.02e-06
112,6.13e-06
113,6.249e-06
114,6.67e-06
115,7.06e-06
116,6.58e-06
117,6.57e-06
118,6.87e-06
119,7.01e-06
120,7.22e-06
121,7.169e-06
122,7.65e-06
123,7.18e-06
124,7.42e-06
125,7.769e-06
126,7.99e-06
127,7.91e-06
128,9.35e-06
129,7.93e-06
130,9.27e-06
131,8.31e-06
132,8.65e-06
133,8.87e-06
134,8.8e-06
135,8.71e-06
136,9.2e-06
137,9.07e-06
138,9.22e-06
139,9.39e-06
140,9.73e-06
141,9.64e-06
142,9.94e-06
143,9.83e-06
144,1.0069e-05
145,1.079e-05
146,1.045e-05
147,1.0379e-05
148,1.053e-05
149,1.106e-05
150,1.106e-05
151,1.1239e-05
152,1.149e-05
153,1.104e-05
154,1.1159e-05
155,1.123e-05
156,1.149e-05
157,1.288e-05
158,1.199e-05
159,1.203e-05
160,1.263e-05
161,1.321e-05
162,1.238e-05
163,1.276e-05
164,1.295e-05
165,1.345e-05
166,1.352e-05
167,1.378e-05
168,1.425e-05
169,1.417e-05
170,1.436e-05
171,1.48e-05
172,1.47e-05
173,1.525e-05
174,1.519e-05
175,1.537e-05
176,1.577e-05
177,1.563e-05
178,1.588e-05
179,1.6579e-05
180,1.654e-05
181,1.68e-05
182,1.701e-05
183,1.692e-05
184,1.718e-05
185,1.751e-05
186,1.776e-05
187,1.8e-05
188,1.873e-05
189,1.792e-05
190,1.87e-05
191,1.889e-05
192,1.928e-05
193,1.926e-05
194,1.962e-05
195,1.9799e-05
196,2.142e-05
197,2.078e-05
198,2.117e-05
199,2.1309e-05
200,2.141e-05
201,2.159e-05
202,2.157e-05
203,2.1859e-05
204,2.2049e-05
205,2.2029e-05
206,2.2549e-05
207,2.249e-05
208,2.362e-05
209,2.287e-05
210,2.3419e-05
211,2.329e-05
212,2.358e-05
213,2.44e-05
214,2.5889e-05
215,2.494e-05
216,2.495e-05
217,2.891e-05
218,2.563e-05
219,3.14e-05
220,2.551e-05
221,2.655e-05
222,2.5959e-05
223,2.642e-05
224,2.738e-05
225,2.7049e-05
226,2.711e-05
227,2.771e-05
228,2.7729e-05
229,2.818e-05
230,2.797e-05
231,2.84e-05
232,3.319e-05
233,2.924e-05
234,2.928e-05
235,2.9429e-05
236,2.87e-05
237,2.91e-05
238,2.951e-05
239,2.9589e-05
240,3.0279e-05
241,3.007e-05
242,3.0609e-05
243,3.028e-05
244,3.074e-05
245,3.5809e-05
246,3.125e-05
247,3.14e-05
248,3.219e-05
249,3.228e-05
250,3.27e-05
251,3.3289e-05
252,3.358e-05
253,4.3669e-05
254,4.394e-05
255,3.678e-05
256,3.6909e-05
257,3.6339e-05
258,3.8169e-05
259,4.447e-05
260,3.659e-05
261,3.6629e-05
262,3.6469e-05
263,4.4049e-05
264,4.0699e-05
265,3.7559e-05
266,3.79e-05
267,3.841e-05
268,3.8799e-05
269,3.913e-05
270,3.9719e-05
271,3.9549e-05
272,3.981e-05
273,4.002e-05
274,4.0469e-05
275,4.0679e-05
276,4.0709e-05
277,4.436e-05
278,4.3789e-05
279,4.209e-05
280,4.2309e-05
281,4.341e-05
282,4.314e-05
283,4.905e-05
284,4.345e-05
285,4.999e-05
286,4.457e-05
287,4.4579e-05
288,4.539e-05
289,4.621e-05
290,4.5609e-05
291,4.656e-05
292,5.0199e-05
293,4.7579e-05
294,4.7509e-05
295,4.7109e-05
296,4.5589e-05
297,4.631e-05
298,4.7e-05
299,4.636e-05
300,4.663e-05
301,4.8e-05
302,4.9169e-05
303,4.865e-05
304,4.8459e-05
305,4.9e-05
306,5.6799e-05
307,4.916e-05
308,5.1059e-05
309,4.9709e-05
310,5.2219e-05
311,5.05e-05
312,5.263e-05
313,5.2319e-05
314,5.356e-05
315,5.166e-05
316,5.5079e-05
317,5.4469e-05
318,5.4799e-05
319,5.4979e-05
320,6.2519e-05
321,5.9229e-05
322,5.4239e-05
323,5.554e-05
324,6.1009e-05
325,5.5069e-05
326,5.551e-05
327,7.8939e-05
328,5.8139e-05
329,5.617e-05
330,5.716e-05
331,5.9019e-05
332,5.765e-05
333,5.98e-05
334,5.8509e-05
335,6.2069e-05
336,5.91e-05
337,6.0989e-05
338,5.9769e-05
339,5.9759e-05
340,6.042e-05
341,6.0769e-05
342,6.1589e-05
343,6.2819e-05
344,6.1639e-05
345,6.306e-05
346,6.3029e-05
347,6.3239e-05
348,6.441e-05
349,6.3299e-05
350,6.4039e-05
351,6.5959e-05
352,6.6149e-05
353,6.916e-05
354,6.9269e-05
355,6.5789e-05
356,6.623e-05
357,6.9099e-05
358,6.8679e-05
359,6.7999e-05
360,7.3479e-05
361,6.9289e-05
362,6.9649e-05
363,6.877e-05
364,8.9839e-05
365,7.9039e-05
366,6.9879e-05
367,8.3879e-05
368,7.8739e-05
369,7.5699e-05
370,7.6219e-05
371,7.3769e-05
372,7.4359e-05
373,8.3489e-05
374,7.936e-05
375,7.624e-05
376,7.6509e-05
377,7.8219e-05
378,7.7149e-05
379,7.7819e-05
380,7.894e-05
381,8.2579e-05
382,9.5459e-05
383,8.1599e-05
384,0.000102809
385,8.4459e-05
386,8.5229e-05
387,8.0449e-05
388,8.1779e-05
389,8.4349e-05
390,8.6549e-05
391,8.2799e-05
392,8.8049e-05
393,8.2879e-05
394,8.532e-05
395,8.4219e-05
396,8.4749e-05
397,8.4959e-05
398,8.6549e-05
399,8.5059e-05
400,8.5399e-05
401,8.8159e-05
402,8.4809e-05
403,9.4149e-05
404,8.511e-05
405,8.5349e-05
406,9.0699e-05
407,8.6609e-05
408,8.7289e-05
409,9.3329e-05
410,9.0159e-05
411,0.000108638
412,9.6539e-05
413,9.0499e-05
414,9.5239e-05
415,8.9639e-05
416,9.6259e-05
417,9.4979e-05
418,9.1199e-05
419,9.2709e-05
420,9.2179e-05
421,9.2219e-05
422,9.5959e-05
423,9.5859e-05
424,9.3019e-05
425,9.4119e-05
426,9.6759e-05
427,9.4709e-05
428,0.000100349
429,0.000101469
430,9.8519e-05
431,9.8199e-05
432,9.7479e-05
433,9.7479e-05
434,9.8629e-05
435,9.9959e-05
436,0.000100549
437,0.000100788
438,0.000100569
439,0.000100389
440,0.000102329
441,0.000106919
442,0.000102339
443,0.000101699
444,0.000107219
445,0.000132109
446,0.000102949
447,0.000103619
448,0.000106099
449,0.000104698
450,0.000107239
451,0.000107979
452,0.000106619
453,0.000106499
454,0.000107108
455,0.000113389
456,0.000111149
457,0.000108459
458,0.000112589
459,0.000115498
460,0.000113718
461,0.000110809
462,0.000120339
463,0.000119638
464,0.000121318
465,0.000123669
466,0.000117439
467,0.000119409
468,0.000114398
469,0.000122389
470,0.000120179
471,0.000122708
472,0.000120649
473,0.000123459
474,0.000132469
475,0.000126299
476,0.000124389
477,0.000122979
478,0.000123868
479,0.000126419
480,0.000133978
481,0.000127418
482,0.000123839
483,0.000122028
484,0.000126338
485,0.000121798
486,0.000125009
487,0.000123328
488,0.000131609
489,0.000125678
490,0.000131348
491,0.000124539
492,0.000126129
493,0.000128568
494,0.000140248
495,0.000134499
496,0.000129079
497,0.000132559
498,0.000133959
499,0.000162128
500,0.000137608
501,0.000134869
502,0.000143299
503,0.000140228
504,0.000160308
505,0.000139728
506,0.000136438
507,0.000139798
508,0.000136249
509,0.000150149
510,0.000157728
511,0.000144609
512,0.000189848
513,0.000143648
514,0.000146918
515,0.000159298
516,0.000141409
517,0.000144829
518,0.000146489
519,0.000145568
520,0.000168178
521,0.000149138
522,0.000144009
523,0.000144938
524,0.000153058
525,0.000145908
526,0.000151898
527,0.000145638
528,0.000151749
529,0.000151288
530,0.000150268
531,0.000146488
532,0.000147738
533,0.000149208
534,0.000152879
535,0.000152608
536,0.000150669
537,0.000152498
538,0.000153599
539,0.000154938
540,0.000157678
541,0.000152408
542,0.000155828
543,0.000159189
544,0.000195238
545,0.000164258
546,0.000163318
547,0.000172218
548,0.000163218
549,0.000165239
550,0.000161598
551,0.000167788
552,0.000162968
553,0.000161328
554,0.000163438
555,0.000166988
556,0.000163598
557,0.000169698
558,0.000165118
559,0.000165438
560,0.000166848
561,0.000166838
562,0.000178698
563,0.000168738
564,0.000169598
565,0.000178998
566,0.000168939
567,0.000177088
568,0.000178088
569,0.000198747
570,0.000177588
571,0.000173528
572,0.000173238
573,0.000176228
574,0.000179028
575,0.000183298
576,0.000298187
577,0.000218508
578,0.000196088
579,0.000213288
580,0.000200418
581,0.000182178
582,0.000181548
583,0.000239918
584,0.000210007
585,0.000195358
586,0.000202418
587,0.000189738
588,0.000190628
589,0.000217788
590,0.000188898
591,0.000195368
592,0.000223337
593,0.000216978
594,0.000194778
595,0.000191608
596,0.000201157
597,0.000199148
598,0.000234588
599,0.000210678
600,0.000214997
601,0.000195028
602,0.000224257
603,0.000207948
604,0.000197958
605,0.000222258
606,0.000231117
607,0.000258617
608,0.000283887
609,0.000220727
610,0.000210717
611,0.000251807
612,0.000217367
613,0.000199528
614,0.000221107
615,0.000199048
616,0.000205678
617,0.000233458
618,0.000208917
619,0.000218078
620,0.000232647
621,0.000204428
622,0.000205348
623,0.000234677
624,0.000212357
625,0.000207458
626,0.000241267
627,0.000214237
628,0.000209328
629,0.000253457
630,0.000215628
631,0.000220587
632,0.000245847
633,0.000218658
634,0.000243358
635,0.000211548
636,0.000226858
637,0.000286277
638,0.000248058
639,0.000219157
640,0.000414245
641,0.000297107
642,0.000319767
643,0.000229877
644,0.000247368
645,0.000319867
646,0.000262107
647,0.000221588
648,0.000248168
649,0.000232507
650,0.000244588
651,0.000230637
652,0.000229187
653,0.000235387
654,0.000228717
655,0.000230057
656,0.000238428
657,0.000234678
658,0.000229528
659,0.000241027
660,0.000233508
661,0.000245228
662,0.000233447
663,0.000234968
664,0.000242837
665,0.000244927
666,0.000252927
667,0.000235017
668,0.000235098
669,0.000247648
670,0.000240517
671,0.000260468
672,0.000266747
673,0.000239047
674,0.000252847
675,0.000242338
676,0.000288337
677,0.000282937
678,0.000255008
679,0.000261727
680,0.000245727
681,0.000283997
682,0.000247767
683,0.000250508
684,0.000274287
685,0.000252508
686,0.000298907
687,0.000248917
688,0.000265028
689,0.000315956
690,0.000255357
691,0.000253837
692,0.000257137
693,0.000257167
694,0.000257717
695,0.000260477
696,0.000261478
697,0.000260617
698,0.000262357
699,0.000260447
700,0.000268397
701,0.000262637
702,0.000261668
703,0.000266597
704,0.000288037
705,0.000267787
706,0.000265067
707,0.000278417
708,0.000276847
709,0.000270267
710,0.000272477
711,0.000272577
712,0.000270357
713,0.000275877
714,0.000275047
715,0.000276307
716,0.000275637
717,0.000278837
718,0.000276417
719,0.000324356
720,0.000275777
721,0.000281097
722,0.000274587
723,0.000281517
724,0.000282407
725,0.000464965
726,0.000445445
727,0.000456815
728,0.000477954
729,0.000478345
730,0.000440725
731,0.000482445
732,0.000488215
733,0.000498164
734,0.000449915
735,0.000476094
736,0.000497734
737,0.000498424
738,0.000510085
739,0.000484615
740,0.000458905
741,0.000499355
742,0.000459075
743,0.000511234
744,0.000504114
745,0.000527784
746,0.000473485
747,0.000571613
748,0.000512364
749,0.000494485
750,0.000478165
751,0.000508885
752,0.000526494
753,0.000538684
754,0.000482565
755,0.000493225
756,0.000490155
757,0.000507315
758,0.000475074
759,0.000525004
760,0.000525364
761,0.000536654
762,0.000504095
763,0.000550254
764,0.000559824
765,0.000579913
766,0.000486425
767,0.000560014
768,0.000587114
769,0.000580424
770,0.000559054
771,0.000589744
772,0.000574434
773,0.000600223
774,0.000529504
775,0.000532004
776,0.000516274
777,0.000480445
778,0.000514065
779,0.000551534
780,0.000565603
781,0.000539304
782,0.000522644
783,0.000578574
784,0.000565304
785,0.000562034
786,0.000529365
787,0.000560614
788,0.000578214
789,0.000570364
790,0.000528214
791,0.000617403
792,0.000581583
793,0.000584584
794,0.000529604
795,0.000590394
796,0.000593623
797,0.000568354
798,0.000554724
799,0.000645083
800,0.000628703
801,0.000605393
802,0.000561934
803,0.000603424
804,0.000593594
805,0.000544815
806,0.000570784
807,0.000614193
808,0.000606344
809,0.000568774
810,0.000566054
811,0.000607673
812,0.000620383
813,0.000613624
814,0.000563374
815,0.000583463
816,0.000621933
817,0.000599703
818,0.000589494
819,0.000599473
820,0.000581394
821,0.000658083
822,0.000588464
823,0.000635303
824,0.000636973
825,0.000615974
826,0.000577484
827,0.000631563
828,0.000672492
829,0.000598074
830,0.000612544
831,0.000630613
832,0.000724722
833,0.000608133
834,0.000591014
835,0.000650873
836,0.000608403
837,0.000644073
838,0.000599883
839,0.000652763
840,0.000662343
841,0.000679973
842,0.000572364
843,0.000659443
844,0.000685043
845,0.000661153
846,0.000636233
847,0.000668593
848,0.000660763
849,0.000644303
850,0.000629403
851,0.000805111
852,0.000692363
853,0.000651363
854,0.000666313
855,0.000796772
856,0.000671763
857,0.000622434
858,0.000589853
859,0.000674802
860,0.000696002
861,0.000705433
862,0.000663483
863,0.000706633
864,0.000608163
865,0.000701633
866,0.000656453
867,0.000714572
868,0.000725142
869,0.000715142
870,0.000651743
871,0.000697352
872,0.000724852
873,0.000712642
874,0.000677692
875,0.000716562
876,0.000730853
877,0.000729862
878,0.000670052
879,0.000751482
880,0.000719492
881,0.000686743
882,0.000689882
883,0.000735372
884,0.000699602
885,0.000755011
886,0.000742752
887,0.000744402
888,0.000761822
889,0.000759272
890,0.000713673
891,0.000762711
892,0.000824531
893,0.000779452
894,0.000707303
895,0.000819551
896,0.00084346
897,0.000773302
898,0.000820481
899,0.000782192
900,0.000831601
901,0.000803352
902,0.000739592
903,0.000799271
904,0.000719342
905,0.000779651
906,0.000762342
907,0.000799521
908,0.000764742
909,0.000807472
910,0.000784721
911,0.000797951
912,0.000813861
913,0.000850771
914,0.000812172
915,0.000831821
916,0.000829271
917,0.000846921
918,0.000781231
919,0.00085523
920,0.000848011
921,0.000751532
922,0.000791462
923,0.000849431
924,0.000849011
925,0.00093931
926,0.000837851
927,0.00086638
928,0.00103247
929,0.00087585
930,0.000832131
931,0.00091093
932,0.000871601
933,0.00089374
934,0.0008993
935,0.000857191
936,0.000908111
937,0.00095084
938,0.00088219
939,0.00090766
940,0.000815812
941,0.00091114
942,0.000871411
943,0.00097538
944,0.00093869
945,0.00091655
946,0.000885241
947,0.00093785
948,0.000949649
949,0.000948519
950,0.000836671
951,0.000945249
952,0.00094956
953,0.000882691
954,0.000882801
955,0.00091669
956,0.00102014
957,0.000985609
958,0.000923601
959,0.0009378
960,0.00107752
961,0.00099555
962,0.00093603
963,0.000980519
964,0.00104398
965,0.00105489
966,0.00097678
967,0.00101825
968,0.001105
969,0.00105598
970,0.000992799
971,0.00104307
972,0.00102026
973,0.00108214
974,0.000989499
975,0.00101849
976,0.0009706
977,0.00102425
978,0.00100281
979,0.00103443
980,0.0010613
981,0.00104982
982,0.00099863
983,0.00105626
984,0.00107967
985,0.0010835
986,0.00105373
987,0.00116365
988,0.00107749
989,0.00111397
990,0.000997489
991,0.00113022
992,0.00110457
993,0.00109932
994,0.00105308
995,0.00109882
996,0.00112496
997,0.00113122
998,0.00115115
999,0.00118427
1000,0.00114089
1001,0.00108024
1002,0.00110825
1003,0.00113854
1004,0.0012392
1005,0.00118801
1006,0.00115796
1007,0.00120205
1008,0.00117167
1009,0.00117548
1010,0.0011127
1011,0.00119514
1012,0.00116979
1013,0.00120344
1014,0.0011339
1015,0.00117975
1016,0.00118417
1017,0.00124639
1018,0.00121278
1019,0.00118538
1020,0.00123949
1021,0.00137093
1022,0.00148401
1023,0.00152954
1024,0.00132227
1025,0.00129802
1026,0.00136653
1027,0.00130608
1028,0.00131102
1029,0.00128718
1030,0.00121371
1031,0.00125418
1032,0.00128085
1033,0.00131973
1034,0.00120854
1035,0.00127659
1036,0.00124963
1037,0.001293
1038,0.00134412
1039,0.00132297
1040,0.00130113
1041,0.00130617
1042,0.00125774
1043,0.0013156
1044,0.00130937
1045,0.00132896
1046,0.00127961
1047,0.00137904
1048,0.0013545
1049,0.00134674
1050,0.00129179
1051,0.0013658
1052,0.00133765
1053,0.0013473
1054,0.00129903
1055,0.00136106
1056,0.00138119
1057,0.00137128
1058,0.00130265
1059,0.00138932
1060,0.00149513
1061,0.00138716
1062,0.0013028
1063,0.00141281
1064,0.00142643
1065,0.00141066
1066,0.00143416
1067,0.00145243
1068,0.00146804
1069,0.00142944
1070,0.00137056
1071,0.00143529
1072,0.00145238
1073,0.00148896
1074,0.00136927
1075,0.00152487
1076,0.00142132
1077,0.0014848
1078,0.00141855
1079,0.00146141
1080,0.00148702
1081,0.00145753
1082,0.00144857
1083,0.00148163
1084,0.00155507
1085,0.00144329
1086,0.00145133
1087,0.00152298
1088,0.00155063
1089,0.00153504
1090,0.00147503
1091,0.00158137
1092,0.00158859
1093,0.00153498
1094,0.00155638
1095,0.00168417
1096,0.00157894
1097,0.00159306
1098,0.00157935
1099,0.00149957
1100,0.00154558
1101,0.00160433
1102,0.0015482
1103,0.00162438
1104,0.00156586
1105,0.00152178
1106,0.00153352
1107,0.00155254
1108,0.00158559
1109,0.00168912
1110,0.00155841
1111,0.00169133
1112,0.00167273
1113,0.00167135
1114,0.00164759
1115,0.00170301
1116,0.00167019
1117,0.00166678
1118,0.00158948
1119,0.00175209
1120,0.00174726
1121,0.00175107
1122,0.00163764
1123,0.00170214
1124,0.00174574
1125,0.00173413
1126,0.00164032
1127,0.00172025
1128,0.00179932
1129,0.00183829
1130,0.00168967
1131,0.00174085
1132,0.00174655
1133,0.0017597
1134,0.00170597
1135,0.00178992
1136,0.00179355
1137,0.00181427
1138,0.00171143
1139,0.00202497
1140,0.00175111
1141,0.00183985
1142,0.00168602
1143,0.00179691
1144,0.00185307
1145,0.00180555
1146,0.00183598
1147,0.00187241
1148,0.00189482
1149,0.00186828
1150,0.0018449
1151,0.00185424
1152,0.00189473
1153,0.00187343
1154,0.00183726
1155,0.00187446
1156,0.00192283
1157,0.00188589
1158,0.00180469
1159,0.00202367
1160,0.001929
1161,0.00189706
1162,0.00197524
1163,0.00193309
1164,0.0018642
1165,0.00195844
1166,0.00185787
1167,0.00192937
1168,0.00202706
1169,0.00198796
1170,0.00191362
1171,0.00197224
1172,0.00188794
1173,0.00198764
1174,0.0019098
1175,0.00197779
1176,0.00198362
1177,0.00199847
1178,0.00195652
1179,0.00197803
1180,0.002014
1181,0.00202809
1182,0.00194296
1183,0.00204179
1184,0.00207675
1185,0.00201762
1186,0.00196415
1187,0.00197141
1188,0.00206028
1189,0.00206862
1190,0.00200724
1191,0.00215945
1192,0.00213947
1193,0.00213548
1194,0.00203353
1195,0.00212555
1196,0.00226987
1197,0.00218924
1198,0.0020673
1199,0.00213704
1200,0.00213555
1201,0.00212573
1202,0.00208266
1203,0.00214346
1204,0.00211167
1205,0.00207404
1206,0.00207891
1207,0.00228342
1208,0.00227155
1209,0.00222589
1210,0.00223483
1211,0.00213196
1212,0.00224719
1213,0.00223612
1214,0.00215199
1215,0.00223398
1216,0.00229193
1217,0.00220964
1218,0.00215089
1219,0.00224271
1220,0.00230086
1221,0.00226815
1222,0.00216406
1223,0.00215989
1224,0.00224725
1225,0.00230605
1226,0.00219327
1227,0.00225193
1228,0.00221844
1229,0.00233497
1230,0.00220358
1231,0.00228704
1232,0.00231578
1233,0.00228893
1234,0.00225242
1235,0.0024234
1236,0.00237469
1237,0.0023367
1238,0.00236728
1239,0.00234525
1240,0.00234432
1241,0.00237714
1242,0.00230521
1243,0.00235707
1244,0.00243007
1245,0.0023985
1246,0.00229339
1247,0.00240809
1248,0.00237718
1249,0.00244431
1250,0.00233661
1251,0.00240933
1252,0.00248134
1253,0.00245442
1254,0.00232344
1255,0.00243069
1256,0.0025269
1257,0.00250545
1258,0.00237426
1259,0.00253819
1260,0.00247254
1261,0.00247006
1262,0.00244423
1263,0.00250045
1264,0.00250458
1265,0.00245608
1266,0.00241954
1267,0.00248311
1268,0.00244856
1269,0.00250091
1270,0.00246295
1271,0.00256896
1272,0.00245097
1273,0.00259241
1274,0.00250384
1275,0.00253616
1276,0.0026509
1277,0.00264869
1278,0.00264494
1279,0.00272022
1280,0.00264989
1281,0.0026612
1282,0.00256018
1283,0.00272322
1284,0.00267739
1285,0.00266965
1286,0.00256445
1287,0.00270951
1288,0.00265504
1289,0.00268819
1290,0.0025728
1291,0.00266141
1292,0.002601
1293,0.00265006
1294,0.00255688
1295,0.00275405
1296,0.00272528
1297,0.00270677
1298,0.00269477
1299,0.00275349
1300,0.00274366
1301,0.00278192
1302,0.00267326
1303,0.00291953
1304,0.00285788
1305,0.00283572
1306,0.00269709
1307,0.00285667
1308,0.00280758
1309,0.00281722
1310,0.00274613
1311,0.00289442
1312,0.00292639
1313,0.00284704
1314,0.00275466
1315,0.00288535
1316,0.00287373
1317,0.00292273
1318,0.00284621
1319,0.00291205
1320,0.00289106
1321,0.00284498
1322,0.00283362
1323,0.00290785
1324,0.00287155
1325,0.00291291
1326,0.0028225
1327,0.00291576
1328,0.00294036
1329,0.00294692
1330,0.00285468
1331,0.00301813
1332,0.00294915
1333,0.00299808
1334,0.00293418
1335,0.00304702
1336,0.00298501
1337,0.00304484
1338,0.00291022
1339,0.00302485
1340,0.00305425
1341,0.00295218
1342,0.00291301
1343,0.00293763
1344,0.00306693
1345,0.00300549
1346,0.00295689
1347,0.00311506
1348,0.00313912
1349,0.003061
1350,0.00299654
1351,0.0030937
1352,0.00314585
1353,0.00317886
1354,0.00306111
1355,0.00311935
1356,0.00315628
1357,0.00309728
1358,0.00304868
1359,0.00316382
1360,0.00316194
1361,0.00317589
1362,0.0030668
1363,0.00322873
1364,0.00316929
1365,0.00335632
1366,0.00338458
1367,0.0032376
1368,0.00322259
1369,0.00331264
1370,0.00313588
1371,0.00330678
1372,0.00326441
1373,0.00324394
1374,0.00315361
1375,0.00325663
1376,0.0031756
1377,0.0032624
1378,0.00319182
1379,0.003284
1380,0.00325345
1381,0.00333685
1382,0.00319113
1383,0.00331506
1384,0.00335179
1385,0.00335056
1386,0.00335847
1387,0.00337362
1388,0.00334846
1389,0.00332905
1390,0.00326344
1391,0.00338929
1392,0.00337398
1393,0.0032876
1394,0.00328991
1395,0.00324369
1396,0.00331386
1397,0.00341611
1398,0.00332341
1399,0.0034838
1400,0.00345763
1401,0.00353816
1402,0.00337687
1403,0.00355037
1404,0.00364481
1405,0.00346669
1406,0.00349419
1407,0.00349721
1408,0.0035269
1409,0.00350782
1410,0.00339563
1411,0.0035159
1412,0.00351362
1413,0.0035091
1414,0.00332357
1415,0.00336704
1416,0.00356571
1417,0.00354535
1418,0.00350132
1419,0.00350501
1420,0.00332461
1421,0.00351423
1422,0.0033678
1423,0.0036309
1424,0.00358165
1425,0.0036644
1426,0.00346206
1427,0.00338543
1428,0.00362633
1429,0.00363672
1430,0.003641
1431,0.00368101
1432,0.00366325
1433,0.0036417
1434,0.00354584
1435,0.00377186
1436,0.00367844
1437,0.00370946
1438,0.00363437
1439,0.0036627
1440,0.00371415
1441,0.00371314
1442,0.00359757
1443,0.00364731
1444,0.0036225
1445,0.00350963
1446,0.00367334
1447,0.0037592
1448,0.0126418
1449,0.0118284
1450,0.0117376
1451,0.0118101
1452,0.0117499
1453,0.01184
1454,0.0118708
1455,0.0118206
1456,0.011829
1457,0.0120931
1458,0.0118382
1459,0.0119239
1460,0.011852
1461,0.0120141
1462,0.0118631
1463,0.0120959
1464,0.0120451
1465,0.0119734
1466,0.0119773
1467,0.0120284
1468,0.0121401
1469,0.0120942
1470,0.0119473
1471,0.0120348
1472,0.0122882
1473,0.0121961
1474,0.012809
1475,0.0124641
1476,0.0125061
1477,0.0124053
1478,0.0126064
1479,0.0123379
1480,0.0123205
1481,0.0123883
1482,0.0122074
1483,0.0124315
1484,0.0122442
1485,0.0125129
1486,0.0122899
1487,0.0124814
1488,0.0124273
1489,0.012448
1490,0.0124551
1491,0.0125648
1492,0.0127245
1493,0.0126161
1494,0.0128592
1495,0.0125215
1496,0.0125852
1497,0.0126798
1498,0.0125112
1499,0.0126301
1500,0.0125412
