size,time_seconds
2,2e-08
3,1e-08
4,2e-08
5,1e-08
6,1e-08
7,1e-08
8,2e-08
9,2e-08
10,1e-08
11,2e-08
12,1e-08
13,1e-08
14,1e-08
15,2e-08
16,2e-08
17,1e-08
18,1e-08
19,1e-08
20,2e-08
21,1e-08
22,1e-08
23,2e-08
24,1e-08
25,2e-08
26,2e-08
27,2e-08
28,2e-08
29,2e-08
30,1e-08
31,1e-08
32,2e-08
33,1e-08
34,1e-08
35,2e-08
36,2e-08
37,2e-08
38,2e-08
39,2e-08
40,1e-08
41,2e-08
42,1e-08
43,1e-08
44,2e-08
45,1e-08
46,1e-08
47,1e-08
48,2e-08
49,2e-08
50,2e-08
51,2e-08
52,2e-08
53,2e-08
54,2e-08
55,2e-08
56,2e-08
57,1e-08
58,2e-08
59,2e-08
60,2e-08
61,1e-08
62,2e-08
63,2e-08
64,2e-08
65,1e-08
66,1e-08
67,1e-08
68,1e-08
69,2e-08
70,2e-08
71,2e-08
72,1e-08
73,1e-08
74,2e-08
75,2e-08
76,2e-08
77,1e-08
78,2e-08
79,2e-08
80,1e-08
81,2e-08
82,1e-08
83,2e-08
84,1e-08
85,2e-08
86,2e-08
87,1e-08
88,2e-08
89,1e-08
90,2e-08
91,2e-08
92,1e-08
93,1e-08
94,2e-08
95,1e-08
96,1e-08
97,2e-08
98,2e-08
99,2e-08
100,2e-08
101,2e-08
102,1e-08
103,2e-08
104,1e-08
105,2e-08
106,2e-08
107,1e-08
108,2e-08
109,1e-08
110,2e-08
111,2e-08
112,2e-08
113,1e-08
114,2e-08
115,2e-08
116,2e-08
117,2e-08
118,1e-08
119,2e-08
120,2e-08
121,2e-08
122,2e-08
123,2e-08
124,3e-08
125,2e-08
126,2e-08
127,2e-08
128,2e-08
129,2e-08
130,1e-08
131,1e-08
132,2e-08
133,1e-08
134,2e-08
135,2e-08
136,2e-08
137,2e-08
138,2e-08
139,1e-08
140,2e-08
141,2e-08
142,2e-08
143,1e-08
144,2e-08
145,2e-08
146,1e-08
147,1e-08
148,1e-08
149,2e-08
150,2e-08
151,1e-08
152,2e-08
153,1e-08
154,1e-08
155,1e-08
156,1e-08
157,2e-08
158,2e-08
159,3e-08
160,1e-08
161,2e-08
162,2e-08
163,2e-08
164,1e-08
165,2e-08
166,1e-08
167,1e-08
168,1e-08
169,1e-08
170,2e-08
171,1e-08
172,2e-08
173,2e-08
174,1e-08
175,2e-08
176,2e-08
177,2e-08
178,2e-08
179,1e-08
180,2e-08
181,2e-08
182,2e-08
183,1e-08
184,2e-08
185,2e-08
186,2e-08
187,2e-08
188,2e-08
189,1e-08
190,1e-08
191,2e-08
192,2e-08
193,2e-08
194,1e-08
195,1e-08
196,2e-08
197,2e-08
198,1e-08
199,1e-08
200,1e-08
201,2e-08
202,2e-08
203,1e-08
204,1e-08
205,1e-08
206,2e-08
207,2e-08
208,1e-08
209,2e-08
210,2e-08
211,2e-08
212,2e-08
213,2e-08
214,2e-08
215,2e-08
216,2e-08
217,2e-08
218,1e-08
219,1e-08
220,1e-08
221,2e-08
222,2e-08
223,2e-08
224,1e-08
225,2e-08
226,1e-08
227,1e-08
228,2e-08
229,1e-08
230,1e-08
231,2e-08
232,2e-08
233,2e-08
234,2e-08
235,1e-08
236,2e-08
237,1e-08
238,1e-08
239,2e-08
240,1e-08
241,1e-08
242,2e-08
243,1e-08
244,2e-08
245,2e-08
246,2e-08
247,2e-08
248,1e-08
249,2e-08
250,2e-08
251,2e-08
252,1e-08
253,1e-08
254,2e-08
255,2e-08
256,2e-08
257,2e-08
258,1e-08
259,2e-08
260,2e-08
261,2e-08
262,1e-08
263,1e-08
264,2e-08
265,1e-08
266,2e-08
267,1e-08
268,1e-08
269,2e-08
270,2e-08
271,2e-08
272,2e-08
273,2e-08
274,1e-08
275,1e-08
276,2e-08
277,1e-08
278,1e-08
279,1e-08
280,2e-08
281,2e-08
282,2e-08
283,2e-08
284,2e-08
285,2e-08
286,2e-08
287,2e-08
288,2e-08
289,2e-08
290,1e-08
291,1e-08
292,2e-08
293,1e-08
294,1e-08
295,1e-08
296,2e-08
297,1e-08
298,2e-08
299,2e-08
300,1e-08
301,1e-08
302,2e-08
303,2e-08
304,2e-08
305,2e-08
306,2e-08
307,2e-08
308,1e-08
309,2e-08
310,2e-08
311,1e-08
312,2e-08
313,1e-08
314,1e-08
315,2e-08
316,1e-08
317,2e-08
318,2e-08
319,1e-08
320,2e-08
321,1e-08
322,2e-08
323,2e-08
324,2e-08
325,2e-08
326,1e-08
327,2e-08
328,1e-08
329,2e-08
330,1e-08
331,1e-08
332,2e-08
333,2e-08
334,1e-08
335,2e-08
336,2e-08
337,2e-08
338,2e-08
339,1e-08
340,2e-08
341,2e-08
342,2e-08
343,2e-08
344,1e-08
345,1e-08
346,2e-08
347,2e-08
348,2e-08
349,2e-08
350,1e-08
351,2e-08
352,2e-08
353,2e-08
354,1e-08
355,2e-08
356,1e-08
357,1e-08
358,1e-08
359,2e-08
360,2e-08
361,3e-08
362,2e-08
363,1e-08
364,1e-08
365,2e-08
366,1e-08
367,3e-08
368,2e-08
369,2e-08
370,2e-08
371,2e-08
372,1e-08
373,2e-08
374,2e-08
375,1e-08
376,1e-08
377,2e-08
378,1e-08
379,1e-08
380,2e-08
381,2e-08
382,2e-08
383,2e-08
384,1e-08
385,1e-08
386,2e-08
387,1e-08
388,1e-08
389,2e-08
390,2e-08
391,2e-08
392,2e-08
393,2e-08
394,2e-08
395,2e-08
396,2e-08
397,1e-08
398,1e-08
399,2e-08
400,2e-08
401,2e-08
402,2e-08
403,2e-08
404,2e-08
405,2e-08
406,1e-08
407,1e-08
408,1e-08
409,1e-08
410,2e-08
411,2e-08
412,2e-08
413,2e-08
414,2e-08
415,1e-08
416,2e-08
417,2e-08
418,2e-08
419,2e-08
420,2e-08
421,2e-08
422,1e-08
423,1e-08
424,2e-08
425,1e-08
426,1e-08
427,1e-08
428,2e-08
429,2e-08
430,1e-08
431,1e-08
432,2e-08
433,2e-08
434,2e-08
435,2e-08
436,1e-08
437,1e-08
438,2e-08
439,1e-08
440,1e-08
441,2e-08
442,1e-08
443,2e-08
444,2e-08
445,1e-08
446,2e-08
447,2e-08
448,2e-08
449,2e-08
450,1e-08
451,2e-08
452,1e-08
453,2e-08
454,2e-08
455,2e-08
456,2e-08
457,2e-08
458,1e-08
459,2e-08
460,2e-08
461,1e-08
462,2e-08
463,1e-08
464,1e-08
465,2e-08
466,2e-08
467,2e-08
468,2e-08
469,3e-08
470,1e-08
471,3e-08
472,1e-08
473,2e-08
474,3e-08
475,1e-08
476,1e-08
477,2e-08
478,2e-08
479,2e-08
480,2e-08
481,3e-08
482,2e-08
483,2e-08
484,2e-08
485,1e-08
486,1e-08
487,5e-08
488,2e-08
489,3e-08
490,2e-08
491,2e-08
492,2e-08
493,1e-08
494,1e-08
495,1e-08
496,1e-08
497,1e-08
498,2e-08
499,1e-08
500,2e-08
501,1e-08
502,1e-08
503,2e-08
504,2e-08
505,1e-08
506,1e-08
507,2e-08
508,1e-08
509,2e-08
510,1e-08
511,1e-08
512,1e-08
513,2e-08
514,1e-08
515,2e-08
516,2e-08
517,1e-08
518,1e-08
519,1e-08
520,1e-08
521,2e-08
522,2e-08
523,2e-08
524,1e-08
525,2e-08
526,2e-08
527,2e-08
528,2e-08
529,3e-08
530,2e-08
531,2e-08
532,2e-08
533,2e-08
534,1e-08
535,2e-08
536,1e-08
537,1e-08
538,2e-08
539,2e-08
540,2e-08
541,3e-08
542,1e-08
543,2e-08
544,1e-08
545,1e-08
546,2e-08
547,2e-08
548,1e-08
549,2e-08
550,1e-08
551,2e-08
552,2e-08
553,1e-08
554,2e-08
555,2e-08
556,1e-08
557,1e-08
558,3e-08
559,3e-08
560,1e-08
561,2e-08
562,2e-08
563,1e-08
564,1e-08
565,2e-08
566,1e-08
567,1e-08
568,2e-08
569,2e-08
570,3e-08
571,2e-08
572,3e-08
573,2e-08
574,1e-08
575,1e-08
576,2e-08
577,2e-08
578,1e-08
579,1e-08
580,2e-08
581,1e-08
582,1e-08
583,2e-08
584,1e-08
585,1e-08
586,1e-08
587,2e-08
588,2e-08
589,1e-08
590,2e-08
591,2e-08
592,2e-08
593,1e-08
594,2e-08
595,2e-08
596,1e-08
597,2e-08
598,2e-08
599,1e-08
600,2e-08
601,1e-08
602,2e-08
603,1e-08
604,2e-08
605,1e-08
606,1e-08
607,1e-08
608,2e-08
609,1e-08
610,1e-08
611,1e-08
612,1e-08
613,1e-08
614,1e-08
615,2e-08
616,3e-08
617,1e-08
618,1e-08
619,2e-08
620,1e-08
621,2e-08
622,1e-08
623,2e-08
624,2e-08
625,2e-08
626,3e-08
627,1e-08
628,1e-08
629,2e-08
630,2e-08
631,2e-08
632,2e-08
633,1e-08
634,1e-08
635,1e-08
636,2e-08
637,2e-08
638,1e-08
639,1e-08
640,1e-08
641,2e-08
642,2e-08
643,2e-08
644,2e-08
645,2e-08
646,2e-08
647,2e-08
648,2e-08
649,2e-08
650,1e-08
651,2e-08
652,1e-08
653,2e-08
654,1e-08
655,2e-08
656,1e-08
657,2e-08
658,1e-08
659,2e-08
660,2e-08
661,3e-08
662,2e-08
663,1e-08
664,2e-08
665,2e-08
666,2e-08
667,1e-08
668,2e-08
669,1e-08
670,1e-08
671,1e-08
672,2e-08
673,1e-08
674,3e-08
675,1e-08
676,1e-08
677,2e-08
678,2e-08
679,1e-08
680,2e-08
681,1e-08
682,1e-08
683,2e-08
684,1e-08
685,1e-08
686,1e-08
687,1e-08
688,1e-08
689,2e-08
690,2e-08
691,2e-08
692,2e-08
693,1e-08
694,2e-08
695,2e-08
696,1e-08
697,2e-08
698,1e-08
699,1e-08
700,1e-08
701,2e-08
702,1e-08
703,5e-08
704,2e-08
705,2e-08
706,2e-08
707,1e-08
708,2e-08
709,2e-08
710,1e-08
711,2e-08
712,2e-08
713,2e-08
714,2e-08
715,2e-08
716,1e-08
717,1e-08
718,2e-08
719,1e-08
720,1e-08
721,2e-08
722,1e-08
723,1e-08
724,2e-08
725,2e-08
726,1e-08
727,2e-08
728,1e-08
729,1e-08
730,2e-08
731,2e-08
732,1e-08
733,2e-08
734,1e-08
735,1e-08
736,1e-08
737,1e-08
738,1e-08
739,1e-08
740,2e-08
741,2e-08
742,2e-08
743,1e-08
744,2e-08
745,1e-08
746,2e-08
747,2e-08
748,2e-08
749,2e-08
750,1e-08
751,1e-08
752,1e-08
753,1e-08
754,1e-08
755,1e-08
756,1e-08
757,2e-08
758,2e-08
759,2e-08
760,1e-08
761,1e-08
762,2e-08
763,2e-08
764,1e-08
765,1e-08
766,2e-08
767,2e-08
768,1e-08
769,1e-08
770,2e-08
771,2e-08
772,2e-08
773,1e-08
774,1e-08
775,2e-08
776,2e-08
777,1e-08
778,2e-08
779,1e-08
780,2e-08
781,1e-08
782,2e-08
783,1e-08
784,2e-08
785,2e-08
786,2e-08
787,2e-08
788,2e-08
789,2e-08
790,2e-08
791,2e-08
792,2e-08
793,2e-08
794,2e-08
795,1e-08
796,2e-08
797,2e-08
798,2e-08
799,2e-08
800,2e-08
801,1e-08
802,1e-08
803,2e-08
804,2e-08
805,1e-08
806,2e-08
807,2e-08
808,1e-08
809,2e-08
810,2e-08
811,2e-08
812,1e-08
813,6e-08
814,2e-08
815,1e-08
816,7e-08
817,2e-08
818,2e-08
819,1e-08
820,2e-08
821,2e-08
822,2e-08
823,2e-08
824,2e-08
825,1e-08
826,2e-08
827,1e-08
828,1e-08
829,2e-08
830,1e-08
831,3e-08
832,1e-08
833,2e-08
834,2e-08
835,2e-08
836,2e-08
837,2e-08
838,2e-08
839,2e-08
840,2e-08
841,2e-08
842,1e-08
843,2e-08
844,1e-08
845,2e-08
846,2e-08
847,1e-08
848,1e-08
849,2e-08
850,2e-08
851,1e-08
852,2e-08
853,2e-08
854,1e-08
855,1e-08
856,1e-08
857,2e-08
858,2e-08
859,1e-08
860,2e-08
861,2e-08
862,1e-08
863,2e-08
864,2e-08
865,1e-08
866,1e-08
867,1e-08
868,2e-08
869,2e-08
870,1e-08
871,2e-08
872,2e-08
873,1e-08
874,2e-08
875,1e-08
876,1e-08
877,1e-08
878,2e-08
879,1e-08
880,1e-08
881,1e-08
882,1e-08
883,2e-08
884,2e-08
885,1e-08
886,1e-08
887,1e-08
888,2e-08
889,2e-08
890,2e-08
891,2e-08
892,1e-08
893,2e-08
894,2e-08
895,2e-08
896,2e-08
897,2e-08
898,1e-08
899,2e-08
900,1e-08
901,2e-08
902,2e-08
903,2e-08
904,2e-08
905,2e-08
906,2e-08
907,1e-08
908,2e-08
909,1e-08
910,2e-08
911,1e-08
912,2e-08
913,1e-08
914,1e-08
915,2e-08
916,1e-08
917,1e-08
918,2e-08
919,2e-08
920,2e-08
921,2e-08
922,1e-08
923,2e-08
924,1e-08
925,1e-08
926,1e-08
927,1e-08
928,2e-08
929,2e-08
930,2e-08
931,2e-08
932,2e-08
933,2e-08
934,2e-08
935,1e-08
936,2e-08
937,2e-08
938,1e-08
939,1e-08
940,2e-08
941,1e-08
942,2e-08
943,1e-08
944,1e-08
945,1e-08
946,1e-08
947,2e-08
948,2e-08
949,2e-08
950,2e-08
951,2e-08
952,2e-08
953,1e-08
954,2e-08
955,1e-08
956,1e-08
957,3e-08
958,1e-08
959,1e-08
960,1e-08
961,1e-08
962,1e-08
963,1e-08
964,1e-08
965,2e-08
966,2e-08
967,2e-08
968,2e-08
969,2e-08
970,1e-08
971,2e-08
972,2e-08
973,2e-08
974,2e-08
975,2e-08
976,1e-08
977,2e-08
978,1e-08
979,2e-08
980,2e-08
981,1e-08
982,2e-08
983,2e-08
984,2e-08
985,2e-08
986,2e-08
987,1e-08
988,1e-08
989,2e-08
990,2e-08
991,2e-08
992,2e-08
993,2e-08
994,1e-08
995,1e-08
996,2e-08
997,1e-08
998,2e-08
999,2e-08
1000,2e-08
1001,1e-08
1002,1e-08
1003,1e-08
1004,1e-08
1005,1e-08
1006,2e-08
1007,2e-08
1008,2e-08
1009,2e-08
1010,1e-08
1011,1e-08
1012,2e-08
1013,1e-08
1014,1e-08
1015,2e-08
1016,1e-08
1017,2e-08
1018,1e-08
1019,2e-08
1020,1e-08
1021,2e-08
1022,1e-08
1023,3e-08
1024,2e-08
1025,1e-08
1026,2e-08
1027,2e-08
1028,1e-08
1029,1e-08
1030,2e-08
1031,2e-08
1032,1e-08
1033,2e-08
1034,2e-08
1035,1e-08
1036,1e-08
1037,1e-08
1038,1e-08
1039,1e-08
1040,2e-08
1041,1e-08
1042,1e-08
1043,2e-08
1044,1e-08
1045,2e-08
1046,2e-08
1047,1e-08
1048,2e-08
1049,2e-08
1050,1e-08
1051,2e-08
1052,2e-08
1053,1e-08
1054,1e-08
1055,2e-08
1056,1e-08
1057,1e-08
1058,2e-08
1059,2e-08
1060,1e-08
1061,2e-08
1062,1e-08
1063,1e-08
1064,2e-08
1065,1e-08
1066,2e-08
1067,1e-08
1068,2e-08
1069,1e-08
1070,2e-08
1071,1e-08
1072,2e-08
1073,1e-08
1074,2e-08
1075,2e-08
1076,2e-08
1077,2e-08
1078,2e-08
1079,1e-08
1080,2e-08
1081,1e-08
1082,2e-08
1083,1e-08
1084,1e-08
1085,2e-08
1086,2e-08
1087,2e-08
1088,2e-08
1089,2e-08
1090,2e-08
1091,1e-08
1092,2e-08
1093,1e-08
1094,2e-08
1095,2e-08
1096,2e-08
1097,1e-08
1098,2e-08
1099,2e-08
1100,1e-08
1101,1e-08
1102,1e-08
1103,1e-08
1104,2e-08
1105,1e-08
1106,1e-08
1107,2e-08
1108,2e-08
1109,1e-08
1110,1e-08
1111,1e-08
1112,2e-08
1113,2e-08
1114,1e-08
1115,1e-08
1116,1e-08
1117,3e-08
1118,1e-08
1119,2e-08
1120,1e-08
1121,2e-08
1122,2e-08
1123,1e-08
1124,2e-08
1125,1e-08
1126,2e-08
1127,1e-08
1128,1e-08
1129,1e-08
1130,2e-08
1131,1e-08
1132,1e-08
1133,1e-08
1134,2e-08
1135,2e-08
1136,2e-08
1137,1e-08
1138,1e-08
1139,2e-08
1140,2e-08
1141,1e-08
1142,2e-08
1143,1e-08
1144,2e-08
1145,1e-08
1146,1e-08
1147,2e-08
1148,1e-08
1149,2e-08
1150,2e-08
1151,2e-08
1152,2e-08
1153,1e-08
1154,1e-08
1155,1e-08
1156,2e-08
1157,2e-08
1158,1e-08
1159,2e-08
1160,1e-08
1161,1e-08
1162,2e-08
1163,1e-08
1164,2e-08
1165,2e-08
1166,1e-08
1167,2e-08
1168,1e-08
1169,1e-08
1170,2e-08
1171,2e-08
1172,1e-08
1173,2e-08
1174,2e-08
1175,2e-08
1176,1e-08
1177,2e-08
1178,2e-08
1179,1e-08
1180,1e-08
1181,2e-08
1182,2e-08
1183,1e-08
1184,2e-08
1185,2e-08
1186,1e-08
1187,2e-08
1188,6e-08
1189,2e-08
1190,2e-08
1191,1e-08
1192,2e-08
1193,1e-08
1194,1e-08
1195,1e-08
1196,2e-08
1197,2e-08
1198,2e-08
1199,1e-08
1200,1e-08
1201,1e-08
1202,2e-08
1203,1e-08
1204,2e-08
1205,2e-08
1206,2e-08
1207,1e-08
1208,2e-08
1209,2e-08
1210,1e-08
1211,1e-08
1212,2e-08
1213,2e-08
1214,1e-08
1215,1e-08
1216,2e-08
1217,2e-08
1218,1e-08
1219,2e-08
1220,1e-08
1221,2e-08
1222,1e-08
1223,2e-08
1224,1e-08
1225,4e-08
1226,2e-08
1227,1e-08
1228,2e-08
1229,1e-08
1230,3e-08
1231,1e-08
1232,2e-08
1233,2e-08
1234,2e-08
1235,2e-08
1236,2e-08
1237,1e-08
1238,1e-08
1239,1e-08
1240,2e-08
1241,2e-08
1242,2e-08
1243,1e-08
1244,1e-08
1245,2e-08
1246,1e-08
1247,2e-08
1248,1e-08
1249,1e-08
1250,1e-08
1251,1e-08
1252,2e-08
1253,1e-08
1254,1e-08
1255,2e-08
1256,2e-08
1257,2e-08
1258,1e-08
1259,1e-08
1260,1e-08
1261,2e-08
1262,1e-08
1263,2e-08
1264,2e-08
1265,1e-08
1266,1e-08
1267,2e-08
1268,2e-08
1269,1e-08
1270,1e-08
1271,2e-08
1272,1e-08
1273,2e-08
1274,1e-08
1275,1e-08
1276,1e-08
1277,1e-08
1278,1e-08
1279,2e-08
1280,1e-08
1281,2e-08
1282,1e-08
1283,2e-08
1284,2e-08
1285,1e-08
1286,1e-08
1287,2e-08
1288,1e-08
1289,1e-08
1290,2e-08
1291,2e-08
1292,2e-08
1293,2e-08
1294,2e-08
1295,2e-08
1296,1e-08
1297,1e-08
1298,1e-08
1299,3e-08
1300,2e-08
1301,2e-08
1302,1e-08
1303,2e-08
1304,2e-08
1305,2e-08
1306,2e-08
1307,2e-08
1308,1e-08
1309,2e-08
1310,2e-08
1311,2e-08
1312,6e-08
1313,2e-08
1314,1e-08
1315,2e-08
1316,1e-08
1317,1e-08
1318,2e-08
1319,2e-08
1320,2e-08
1321,2e-08
1322,2e-08
1323,1e-08
1324,2e-08
1325,2e-08
1326,2e-08
1327,2e-08
1328,1e-08
1329,2e-08
1330,2e-08
1331,2e-08
1332,1e-08
1333,2e-08
1334,2e-08
1335,2e-08
1336,2e-08
1337,2e-08
1338,1e-08
1339,2e-08
1340,1e-08
1341,1e-08
1342,1e-08
1343,2e-08
1344,2e-08
1345,1e-08
1346,2e-08
1347,1e-08
1348,2e-08
1349,2e-08
1350,2e-08
1351,2e-08
1352,1e-08
1353,1e-08
1354,1e-08
1355,2e-08
1356,2e-08
1357,2e-08
1358,2e-08
1359,1e-08
1360,2e-08
1361,1e-08
1362,1e-08
1363,2e-08
1364,1e-08
1365,3e-08
1366,2e-08
1367,2e-08
1368,1e-08
1369,2e-08
1370,1e-08
1371,2e-08
1372,2e-08
1373,2e-08
1374,1e-08
1375,1e-08
1376,2e-08
1377,1e-08
1378,2e-08
1379,2e-08
1380,2e-08
1381,1e-08
1382,1e-08
1383,2e-08
1384,1e-08
1385,1e-08
1386,1e-08
1387,5e-08
1388,1e-08
1389,2e-08
1390,1e-08
1391,2e-08
1392,1e-08
1393,1e-08
1394,1e-08
1395,2e-08
1396,1e-08
1397,1e-08
1398,2e-08
1399,2e-08
1400,1e-08
1401,1e-08
1402,2e-08
1403,1e-08
1404,1e-08
1405,2e-08
1406,2e-08
1407,1e-08
1408,2e-08
1409,1e-08
1410,2e-08
1411,2e-08
1412,1e-08
1413,2e-08
1414,2e-08
1415,2e-08
1416,1e-08
1417,2e-08
1418,2e-08
1419,2e-08
1420,1e-08
1421,1e-08
1422,2e-08
1423,2e-08
1424,2e-08
1425,1e-08
1426,3e-08
1427,3e-08
1428,2e-08
1429,2e-08
1430,2e-08
1431,1e-08
1432,2e-08
1433,1e-08
1434,2e-08
1435,2e-08
1436,2e-08
1437,2e-08
1438,2e-08
1439,1e-08
1440,2e-08
1441,1e-08
1442,2e-08
1443,2e-08
1444,2e-08
1445,1e-08
1446,1e-08
1447,2e-08
1448,1e-08
1449,1e-08
1450,1e-08
1451,1e-08
1452,2e-08
1453,1e-08
1454,1e-08
1455,2e-08
1456,2e-08
1457,1e-08
1458,2e-08
1459,2e-08
1460,2e-08
1461,2e-08
1462,2e-08
1463,1e-08
1464,2e-08
1465,2e-08
1466,1e-08
1467,2e-08
1468,2e-08
1469,2e-08
1470,2e-08
1471,1e-08
1472,2e-08
1473,2e-08
1474,2e-08
1475,2e-08
1476,1e-08
1477,1e-08
1478,2e-08
1479,2e-08
1480,2e-08
1481,1e-08
1482,1e-08
1483,2e-08
1484,1e-08
1485,1e-08
1486,2e-08
1487,1e-08
1488,2e-08
1489,2e-08
1490,1e-08
1491,1e-08
1492,1e-08
1493,1e-08
1494,1e-08
1495,2e-08
1496,2e-08
1497,2e-08
1498,2e-08
1499,1e-08
1500,2e-08
1501,2e-08
1502,1e-08
1503,2e-08
1504,1e-08
1505,1e-08
1506,1e-08
1507,1e-08
1508,1e-08
1509,1e-08
1510,2e-08
1511,1e-08
1512,2e-08
1513,2e-08
1514,2e-08
1515,1e-08
1516,2e-08
1517,1e-08
1518,2e-08
1519,2e-08
1520,2e-08
1521,1e-08
1522,2e-08
1523,2e-08
1524,2e-08
1525,1e-08
1526,1e-08
1527,1e-08
1528,1e-08
1529,1e-08
1530,2e-08
1531,2e-08
1532,2e-08
1533,1e-08
1534,1e-08
1535,2e-08
1536,1e-08
1537,1e-08
1538,2e-08
1539,1e-08
1540,1e-08
1541,1e-08
1542,1e-08
1543,2e-08
1544,2e-08
1545,1e-08
1546,2e-08
1547,2e-08
1548,2e-08
1549,1e-08
1550,2e-08
1551,1e-08
1552,1e-08
1553,2e-08
1554,1e-08
1555,1e-08
1556,2e-08
1557,1e-08
1558,1e-08
1559,1e-08
1560,2e-08
1561,2e-08
1562,2e-08
1563,1e-08
1564,2e-08
1565,1e-08
1566,1e-08
1567,1e-08
1568,2e-08
1569,1e-08
1570,1e-08
1571,2e-08
1572,1e-08
1573,2e-08
1574,2e-08
1575,1e-08
1576,2e-08
1577,2e-08
1578,1e-08
1579,1e-08
1580,1e-08
1581,1e-08
1582,1e-08
1583,1e-08
1584,1e-08
1585,2e-08
1586,2e-08
1587,1e-08
1588,1e-08
1589,2e-08
1590,1e-08
1591,1e-08
1592,2e-08
1593,2e-08
1594,1e-08
1595,2e-08
1596,5e-08
1597,2e-08
1598,2e-08
1599,2e-08
1600,1e-08
1601,1e-08
1602,1e-08
1603,2e-08
1604,2e-08
1605,2e-08
1606,1e-08
1607,2e-08
1608,1e-08
1609,1e-08
1610,1e-08
1611,2e-08
1612,2e-08
1613,2e-08
1614,2e-08
1615,1e-08
1616,1e-08
1617,1e-08
1618,1e-08
1619,2e-08
1620,1e-08
1621,2e-08
1622,2e-08
1623,2e-08
1624,2e-08
1625,2e-08
1626,2e-08
1627,2e-08
1628,2e-08
1629,1e-08
1630,1e-08
1631,2e-08
1632,2e-08
1633,2e-08
1634,1e-08
1635,1e-08
1636,2e-08
1637,2e-08
1638,1e-08
1639,2e-08
1640,2e-08
1641,1e-08
1642,2e-08
1643,1e-08
1644,1e-08
1645,2e-08
1646,2e-08
1647,1e-08
1648,1e-08
1649,2e-08
1650,2e-08
1651,2e-08
1652,1e-08
1653,1e-08
1654,2e-08
1655,2e-08
1656,2e-08
1657,2e-08
1658,3e-08
1659,2e-08
1660,2e-08
1661,1e-08
1662,1e-08
1663,2e-08
1664,1e-08
1665,2e-08
1666,1e-08
1667,1e-08
1668,2e-08
1669,2e-08
1670,2e-08
1671,2e-08
1672,2e-08
1673,1e-08
1674,1e-08
1675,1e-08
1676,1e-08
1677,2e-08
1678,1e-08
1679,2e-08
1680,2e-08
1681,2e-08
1682,2e-08
1683,1e-08
1684,1e-08
1685,2e-08
1686,2e-08
1687,2e-08
1688,2e-08
1689,2e-08
1690,1e-08
1691,1e-08
1692,2e-08
1693,1e-08
1694,2e-08
1695,1e-08
1696,2e-08
1697,1e-08
1698,2e-08
1699,2e-08
1700,2e-08
1701,2e-08
1702,1e-08
1703,1e-08
1704,2e-08
1705,1e-08
1706,2e-08
1707,1e-08
1708,2e-08
1709,1e-08
1710,2e-08
1711,2e-08
1712,1e-08
1713,2e-08
1714,2e-08
1715,2e-08
1716,2e-08
1717,1e-08
1718,1e-08
1719,2e-08
1720,1e-08
1721,2e-08
1722,1e-08
1723,2e-08
1724,2e-08
1725,2e-08
1726,1e-08
1727,1e-08
1728,1e-08
1729,2e-08
1730,1e-08
1731,1e-08
1732,1e-08
1733,2e-08
1734,2e-08
1735,2e-08
1736,2e-08
1737,2e-08
1738,2e-08
1739,2e-08
1740,2e-08
1741,2e-08
1742,1e-08
1743,1e-08
1744,1e-08
1745,2e-08
1746,1e-08
1747,1e-08
1748,2e-08
1749,2e-08
1750,2e-08
1751,1e-08
1752,1e-08
1753,2e-08
1754,1e-08
1755,2e-08
1756,2e-08
1757,1e-08
1758,2e-08
1759,2e-08
1760,2e-08
1761,2e-08
1762,1e-08
1763,2e-08
1764,2e-08
1765,2e-08
1766,2e-08
1767,2e-08
1768,1e-08
1769,1e-08
1770,1e-08
1771,1e-08
1772,1e-08
1773,2e-08
1774,1e-08
1775,1e-08
1776,1e-08
1777,2e-08
1778,1e-08
1779,1e-08
1780,1e-08
1781,2e-08
1782,2e-08
1783,2e-08
1784,2e-08
1785,2e-08
1786,2e-08
1787,5e-08
1788,1e-08
1789,1e-08
1790,1e-08
1791,1e-08
1792,2e-08
1793,2e-08
1794,1e-08
1795,2e-08
1796,2e-08
1797,2e-08
1798,2e-08
1799,2e-08
1800,1e-08
1801,1e-08
1802,2e-08
1803,2e-08
1804,2e-08
1805,2e-08
1806,1e-08
1807,1e-08
1808,2e-08
1809,2e-08
1810,1e-08
1811,2e-08
1812,1e-08
1813,1e-08
1814,1e-08
1815,2e-08
1816,2e-08
1817,2e-08
1818,4e-08
1819,2e-08
1820,2e-08
1821,2e-08
1822,2e-08
1823,1e-08
1824,1e-08
1825,1e-08
1826,2e-08
1827,2e-08
1828,1e-08
1829,2e-08
1830,2e-08
1831,2e-08
1832,2e-08
1833,1e-08
1834,1e-08
1835,2e-08
1836,1e-08
1837,2e-08
1838,1e-08
1839,2e-08
1840,1e-08
1841,2e-08
1842,1e-08
1843,1e-08
1844,2e-08
1845,1e-08
1846,2e-08
1847,2e-08
1848,1e-08
1849,1e-08
1850,2e-08
1851,2e-08
1852,2e-08
1853,2e-08
1854,2e-08
1855,2e-08
1856,2e-08
1857,1e-08
1858,1e-08
1859,2e-08
1860,2e-08
1861,1e-08
1862,1e-08
1863,2e-08
1864,2e-08
1865,1e-08
1866,2e-08
1867,1e-08
1868,2e-08
1869,2e-08
1870,2e-08
1871,2e-08
1872,1e-08
1873,1e-08
1874,2e-08
1875,1e-08
1876,2e-08
1877,2e-08
1878,2e-08
1879,2e-08
1880,2e-08
1881,2e-08
1882,2e-08
1883,1e-08
1884,2e-08
1885,2e-08
1886,1e-08
1887,2e-08
1888,1e-08
1889,1e-08
1890,1e-08
1891,2e-08
1892,1e-08
1893,2e-08
1894,1e-08
1895,2e-08
1896,1e-08
1897,2e-08
1898,2e-08
1899,1e-08
1900,1e-08
1901,1e-08
1902,2e-08
1903,1e-08
1904,1e-08
1905,1e-08
1906,1e-08
1907,1e-08
1908,2e-08
1909,4e-08
1910,2e-08
1911,1e-08
1912,1e-08
1913,1e-08
1914,1e-08
1915,1e-08
1916,2e-08
1917,2e-08
1918,2e-08
1919,1e-08
1920,1e-08
1921,2e-08
1922,2e-08
1923,1e-08
1924,1e-08
1925,2e-08
1926,2e-08
1927,2e-08
1928,2e-08
1929,1e-08
1930,1e-08
1931,1e-08
1932,2e-08
1933,2e-08
1934,1e-08
1935,1e-08
1936,2e-08
1937,2e-08
1938,2e-08
1939,1e-08
1940,1e-08
1941,1e-08
1942,1e-08
1943,2e-08
1944,2e-08
1945,2e-08
1946,1e-08
1947,1e-08
1948,1e-08
1949,1e-08
1950,2e-08
1951,1e-08
1952,2e-08
1953,2e-08
1954,2e-08
1955,2e-08
1956,1e-08
1957,2e-08
1958,1e-08
1959,1e-08
1960,2e-08
1961,2e-08
1962,2e-08
1963,4e-08
1964,1e-08
1965,4e-08
1966,2e-08
1967,2e-08
1968,2e-08
1969,2e-08
1970,1e-08
1971,1e-08
1972,1e-08
1973,1e-08
1974,1e-08
1975,1e-08
1976,1e-08
1977,1e-08
1978,2e-08
1979,1e-08
1980,2e-08
1981,2e-08
1982,1e-08
1983,1e-08
1984,2e-08
1985,1e-08
1986,2e-08
1987,1e-08
1988,2e-08
1989,1e-08
1990,2e-08
1991,2e-08
1992,2e-08
1993,1e-08
1994,1e-08
1995,2e-08
1996,2e-08
1997,1e-08
1998,2e-08
1999,5e-08
2000,2e-08
2001,2e-08
2002,1e-08
2003,1e-08
2004,1e-08
2005,2e-08
2006,2e-08
2007,1e-08
2008,4e-08
2009,1e-08
2010,2e-08
2011,1e-08
2012,2e-08
2013,1.6e-07
2014,2e-08
2015,1e-08
2016,2e-08
2017,5e-08
2018,1e-08
2019,5e-08
2020,4e-08
2021,1e-08
2022,1e-08
2023,5e-08
2024,2e-08
2025,2e-08
2026,1e-08
2027,1e-08
2028,1e-08
2029,1e-08
2030,2e-08
2031,2e-08
2032,2e-08
2033,1e-08
2034,2e-08
2035,1e-08
2036,2e-08
2037,4e-08
2038,2e-08
2039,2e-08
2040,2e-08
2041,2e-08
2042,2e-08
2043,1e-08
2044,2e-08
2045,1e-08
2046,2e-08
2047,1e-08
2048,2e-08
2049,5e-08
2050,2e-08
2051,2e-08
2052,1e-08
2053,2e-08
2054,2e-08
2055,2e-08
2056,2e-08
2057,2e-08
2058,1e-08
2059,2e-08
2060,1e-08
2061,1e-08
2062,1e-08
2063,2e-08
2064,1e-08
2065,1e-08
2066,2e-08
2067,2e-08
2068,1e-08
2069,2e-08
2070,2e-08
2071,1e-08
2072,2e-08
2073,4e-08
2074,5e-08
2075,1e-08
2076,1e-08
2077,1e-08
2078,2e-08
2079,2e-08
2080,2e-08
2081,2e-08
2082,2e-08
2083,2e-08
2084,2e-08
2085,2e-08
2086,1e-08
2087,1e-08
2088,1e-08
2089,1e-08
2090,2e-08
2091,1e-08
2092,3.4e-07
2093,4e-08
2094,2e-08
2095,2e-08
2096,2e-08
2097,2e-08
2098,2e-08
2099,2e-08
2100,2e-08
2101,2e-08
2102,2e-08
2103,3.1e-07
2104,2e-08
2105,4e-08
2106,5e-08
2107,1e-08
2108,2e-08
2109,2e-08
2110,2e-08
2111,1e-08
2112,2e-08
2113,1e-08
2114,1e-08
2115,1e-08
2116,2e-08
2117,2e-08
2118,1e-08
2119,1e-08
2120,2e-08
2121,1e-08
2122,1e-08
2123,4e-08
2124,5e-08
2125,1e-08
2126,2e-08
2127,2e-08
2128,2e-08
2129,1e-08
2130,1e-08
2131,1e-08
2132,2e-08
2133,2e-08
2134,2e-08
2135,2e-08
2136,2e-08
2137,1e-08
2138,2e-08
2139,2e-08
2140,2e-08
2141,3e-08
2142,2e-08
2143,1e-08
2144,2e-08
2145,1e-08
2146,2e-08
2147,4e-08
2148,2.7e-07
2149,2e-08
2150,2e-08
2151,1e-08
2152,1e-08
2153,2e-08
2154,1e-08
2155,1e-08
2156,2e-08
2157,2e-08
2158,2e-08
2159,2e-08
2160,2e-08
2161,2e-08
2162,2e-08
2163,1e-08
2164,2e-08
2165,1e-08
2166,1e-08
2167,1e-08
2168,1e-08
2169,1e-08
2170,2e-08
2171,1e-08
2172,1e-08
2173,2e-08
2174,2e-08
2175,2e-08
2176,2e-08
2177,2e-08
2178,2e-08
2179,2e-08
2180,2e-08
2181,1e-08
2182,1e-08
2183,1e-08
2184,1e-08
2185,1e-08
2186,2e-08
2187,1e-08
2188,2e-08
2189,1e-08
2190,4e-08
2191,3e-08
2192,1e-08
2193,2e-08
2194,1e-08
2195,2e-08
2196,1e-08
2197,1e-08
2198,1e-08
2199,1e-08
2200,2e-08
2201,2e-08
2202,1e-08
2203,2e-08
2204,1e-08
2205,1e-08
2206,2e-08
2207,2e-08
2208,2e-08
2209,2e-08
2210,2e-08
2211,1e-08
2212,1e-08
2213,4e-08
2214,2e-08
2215,2e-08
2216,2e-08
2217,1e-08
2218,2e-08
2219,2e-08
2220,4e-08
2221,1e-08
2222,2e-08
2223,1.4e-07
2224,1e-08
2225,2e-08
2226,2e-08
2227,1e-08
2228,1e-08
2229,1e-08
2230,2e-08
2231,1e-08
2232,2e-08
2233,1e-08
2234,4e-08
2235,2.5e-07
2236,2e-08
2237,1e-08
2238,4e-08
2239,1e-08
2240,2e-08
2241,1e-08
2242,1e-08
2243,1e-08
2244,1e-08
2245,2e-08
2246,2e-08
2247,2e-08
2248,2e-08
2249,1e-08
2250,5e-08
2251,2e-08
2252,2e-08
2253,1e-08
2254,2e-08
2255,2e-08
2256,2e-08
2257,1e-08
2258,2e-08
2259,2e-08
2260,2e-08
2261,2e-08
2262,2e-08
2263,2e-08
2264,1e-08
2265,1e-08
2266,2e-08
2267,1e-08
2268,1e-08
2269,1e-08
2270,2e-08
2271,2e-08
2272,2e-08
2273,2e-08
2274,2e-08
2275,1e-08
2276,2e-08
2277,1e-08
2278,1e-08
2279,2e-08
2280,2e-08
2281,1e-08
2282,2e-08
2283,2e-08
2284,2e-08
2285,2e-08
2286,1e-08
2287,2e-08
2288,2e-08
2289,1e-08
2290,1e-08
2291,2e-08
2292,2e-08
2293,2e-08
2294,1.6e-07
2295,1e-08
2296,1e-08
2297,2e-08
2298,1e-08
2299,2e-08
2300,1e-08
2301,1e-08
2302,1e-08
2303,1e-08
2304,2e-08
2305,2e-08
2306,1e-08
2307,2e-08
2308,2e-08
2309,1e-08
2310,1e-08
2311,2e-08
2312,1e-08
2313,2e-08
2314,2e-08
2315,2e-08
2316,2e-08
2317,2e-08
2318,2e-08
2319,2e-08
2320,2e-08
2321,1e-08
2322,2e-08
2323,2e-08
2324,2e-08
2325,2e-08
2326,1e-08
2327,2e-08
2328,1e-08
2329,2e-08
2330,2e-08
2331,2e-08
2332,5e-08
2333,2e-08
2334,5e-08
2335,1e-08
2336,1e-08
2337,2e-08
2338,1e-08
2339,1e-08
2340,2e-08
2341,1e-08
2342,1e-08
2343,1e-08
2344,1e-08
2345,1e-08
2346,2e-08
2347,1e-08
2348,1e-08
2349,2e-08
2350,1e-08
2351,1e-08
2352,2e-08
2353,2e-08
2354,1e-08
2355,2e-08
2356,1e-08
2357,1e-08
2358,1e-08
2359,1e-08
2360,2e-08
2361,2e-08
2362,1e-08
2363,1e-08
2364,2e-08
2365,2e-08
2366,1e-08
2367,2e-08
2368,2e-08
2369,1e-08
2370,2e-08
2371,2e-08
2372,2e-08
2373,2e-08
2374,1e-08
2375,2e-08
2376,2e-08
2377,2e-08
2378,1e-08
2379,1e-08
2380,2e-08
2381,2e-08
2382,2e-08
2383,2e-08
2384,2e-08
2385,2e-08
2386,1e-08
2387,2e-08
2388,1e-08
2389,2e-08
2390,2e-08
2391,1e-08
2392,2e-08
2393,2e-08
2394,1e-08
2395,1e-08
2396,1e-08
2397,1e-08
2398,2e-08
2399,2e-08
2400,2e-08
2401,2e-08
2402,2e-08
2403,1e-08
2404,2e-08
2405,1e-08
2406,2e-08
2407,2e-08
2408,2e-08
2409,1e-08
2410,2e-08
2411,2e-08
2412,2e-08
2413,2e-08
2414,1e-08
2415,2e-08
2416,2e-08
2417,1e-08
2418,2e-08
2419,1e-08
2420,2e-08
2421,2e-08
2422,1e-08
2423,1e-08
2424,2e-08
2425,2e-08
2426,2e-08
2427,1e-08
2428,2e-08
2429,2e-08
2430,2e-08
2431,2e-08
2432,1e-08
2433,1e-08
2434,1e-08
2435,2e-08
2436,2e-08
2437,1e-08
2438,2e-08
2439,1e-08
2440,2e-08
2441,2e-08
2442,1e-08
2443,1e-08
2444,1e-08
2445,2e-08
2446,2e-08
2447,1e-08
2448,2e-08
2449,1e-08
2450,2e-08
2451,1e-08
2452,2e-08
2453,1e-08
2454,2e-08
2455,1e-08
2456,1e-08
2457,1e-08
2458,2e-08
2459,1e-08
2460,2e-08
2461,2e-08
2462,1e-08
2463,2e-08
2464,2e-08
2465,2e-08
2466,2e-08
2467,1e-08
2468,1e-08
2469,2e-08
2470,1e-08
2471,2e-08
2472,2e-08
2473,1e-08
2474,2e-08
2475,2e-08
2476,2e-08
2477,2e-08
2478,1e-08
2479,2e-08
2480,2e-08
2481,2e-08
2482,1e-08
2483,2e-08
2484,2e-08
2485,1e-08
2486,2e-08
2487,2e-08
2488,2e-08
2489,1e-08
2490,1e-08
2491,1e-08
2492,1e-08
2493,2e-08
2494,1e-08
2495,1e-08
2496,5e-08
2497,2e-08
2498,1e-08
2499,2e-08
2500,2e-08
2501,1e-08
2502,2e-08
2503,1e-08
2504,1e-08
2505,2e-08
2506,1e-08
2507,1e-08
2508,1e-08
2509,1e-08
2510,2e-08
2511,1e-08
2512,2e-08
2513,1e-08
2514,1e-08
2515,2e-08
2516,1e-08
2517,2e-08
2518,1e-08
2519,1e-08
2520,2e-08
2521,1e-08
2522,1e-08
2523,2e-08
2524,1e-08
2525,2e-08
2526,1e-08
2527,2e-08
2528,1e-08
2529,1e-08
2530,1e-08
2531,1e-08
2532,1e-08
2533,2e-08
2534,1e-08
2535,1e-08
2536,1e-08
2537,1e-08
2538,1e-08
2539,2e-08
2540,2e-08
2541,2e-08
2542,2e-08
2543,2e-08
2544,1e-08
2545,1e-08
2546,2e-08
2547,2e-08
2548,2e-08
2549,2e-08
2550,1e-08
2551,1e-08
2552,1e-08
2553,2e-08
2554,1e-08
2555,2e-08
2556,1e-08
2557,2e-08
2558,1e-08
2559,1e-08
2560,2e-08
2561,2e-08
2562,1e-08
2563,1e-08
2564,1e-08
2565,2e-08
2566,2e-08
2567,1e-08
2568,2e-08
2569,1e-08
2570,1e-08
2571,2e-08
2572,2e-08
2573,2e-08
2574,2e-08
2575,2e-08
2576,1e-08
2577,1e-08
2578,2e-08
2579,2e-08
2580,2e-08
2581,2e-08
2582,1e-08
2583,2e-08
2584,2e-08
2585,2e-08
2586,2e-08
2587,2e-08
2588,2e-08
2589,2e-08
2590,1e-08
2591,1e-08
2592,2e-08
2593,4e-08
2594,1e-08
2595,2e-08
2596,5e-08
2597,4e-08
2598,2e-08
2599,1e-08
2600,2e-08
2601,2e-08
2602,2e-08
2603,2e-08
2604,2e-08
2605,1e-08
2606,2e-08
2607,2e-08
2608,1e-08
2609,1e-08
2610,2e-08
2611,1e-08
2612,1e-08
2613,1e-08
2614,1e-08
2615,1e-08
2616,1e-08
2617,1e-08
2618,1e-08
2619,1e-08
2620,1e-08
2621,2e-08
2622,1e-08
2623,1e-08
2624,2e-08
2625,1e-08
2626,1e-08
2627,1e-08
2628,1e-08
2629,2e-08
2630,1e-08
2631,1e-08
2632,2e-08
2633,2e-08
2634,2e-08
2635,2e-08
2636,1e-08
2637,1e-08
2638,2e-08
2639,1e-08
2640,1e-08
2641,2e-08
2642,2e-08
2643,2e-08
2644,1e-08
2645,2e-08
2646,1e-08
2647,2e-08
2648,2e-08
2649,2e-08
2650,2e-08
2651,2e-08
2652,1e-08
2653,2e-08
2654,1e-08
2655,1e-08
2656,2e-08
2657,2e-08
2658,1e-08
2659,2e-08
2660,2e-08
2661,1e-08
2662,2e-08
2663,1e-08
2664,2e-08
2665,2e-08
2666,2e-08
2667,1e-08
2668,1e-08
2669,1e-08
2670,1e-08
2671,2e-08
2672,1e-08
2673,2e-08
2674,1e-08
2675,2e-08
2676,2e-08
2677,2e-08
2678,2e-08
2679,2e-08
2680,1e-08
2681,1e-08
2682,1e-08
2683,2e-08
2684,2e-08
2685,2e-08
2686,1e-08
2687,1e-08
2688,2e-08
2689,1e-08
2690,1e-08
2691,2e-08
2692,2e-08
2693,2e-08
2694,2e-08
2695,1e-08
2696,1e-08
2697,2e-08
2698,2e-08
2699,2e-08
2700,2e-08
2701,1e-08
2702,1e-08
2703,3e-08
2704,1e-08
2705,2e-08
2706,1e-08
2707,1e-08
2708,1e-08
2709,1e-08
2710,1e-08
2711,2e-08
2712,2e-08
2713,2e-08
2714,1e-08
2715,2e-08
2716,2e-08
2717,1e-08
2718,2e-08
2719,1e-08
2720,1e-08
2721,2e-08
2722,2e-08
2723,1e-08
2724,1e-08
2725,2e-08
2726,2e-08
2727,1e-08
2728,1e-08
2729,2e-08
2730,2e-08
2731,1e-08
2732,2e-08
2733,1e-08
2734,1e-08
2735,1e-08
2736,2e-08
2737,1e-08
2738,1e-08
2739,2e-08
2740,1e-08
2741,2e-08
2742,1e-08
2743,1e-08
2744,1e-08
2745,2e-08
2746,2e-08
2747,1e-08
2748,1e-08
2749,1e-08
2750,2e-08
2751,1e-08
2752,2e-08
2753,1e-08
2754,1e-08
2755,1e-08
2756,2e-08
2757,2e-08
2758,2e-08
2759,1e-08
2760,1e-08
2761,1e-08
2762,1e-08
2763,1e-08
2764,2e-08
2765,2e-08
2766,2e-08
2767,2e-08
2768,2e-08
2769,1e-08
2770,2e-08
2771,2e-08
2772,1e-08
2773,2e-08
2774,1e-08
2775,1e-08
2776,2e-08
2777,2e-08
2778,1e-08
2779,2e-08
2780,1e-08
2781,1e-08
2782,1e-08
2783,1e-08
2784,1e-08
2785,1e-08
2786,2e-08
2787,2e-08
2788,2e-08
2789,1e-08
2790,1e-08
2791,1e-08
2792,2e-08
2793,1e-08
2794,2e-08
2795,2e-08
2796,2e-08
2797,2e-08
2798,2e-08
2799,2e-08
2800,2e-08
2801,2e-08
2802,2e-08
2803,2e-08
2804,2e-08
2805,1e-08
2806,1e-08
2807,1e-08
2808,2e-08
2809,1e-08
2810,2e-08
2811,2e-08
2812,1e-08
2813,1e-08
2814,1e-08
2815,2e-08
2816,2e-08
2817,2e-08
2818,1e-08
2819,2e-08
2820,2e-08
2821,2e-08
2822,2e-08
2823,2e-08
2824,1e-08
2825,2e-08
2826,1e-08
2827,1e-08
2828,1e-08
2829,1e-08
2830,1e-08
2831,1e-08
2832,2e-08
2833,2e-08
2834,2e-08
2835,1e-08
2836,1e-08
2837,1e-08
2838,1e-08
2839,2e-08
2840,2e-08
2841,1e-08
2842,2e-08
2843,1e-08
2844,2e-08
2845,2e-08
2846,1e-08
2847,2e-08
2848,2e-08
2849,1e-08
2850,1e-08
2851,1e-08
2852,1e-08
2853,1e-08
2854,2e-08
2855,1e-08
2856,2e-08
2857,2e-08
2858,1e-08
2859,1e-08
2860,2e-08
2861,1e-08
2862,1e-08
2863,1e-08
2864,1e-08
2865,2e-08
2866,1e-08
2867,1e-08
2868,1e-08
2869,1e-08
2870,1e-08
2871,2e-08
2872,2e-08
2873,2e-08
2874,1e-08
2875,2e-08
2876,1e-08
2877,1e-08
2878,2e-08
2879,1e-08
2880,1e-08
2881,1e-08
2882,1e-08
2883,1e-08
2884,2e-08
2885,2e-08
2886,2e-08
2887,1e-08
2888,2e-08
2889,2e-08
2890,2e-08
2891,1e-08
2892,1e-08
2893,2e-08
2894,1e-08
2895,2e-08
2896,2e-08
2897,1e-08
2898,1e-08
2899,1e-08
2900,2e-08
2901,2e-08
2902,1e-08
2903,1e-08
2904,2e-08
2905,5e-08
2906,2e-08
2907,2e-08
2908,1e-08
2909,1e-08
2910,1e-08
2911,1e-08
2912,2e-08
2913,2e-08
2914,2e-08
2915,2e-08
2916,1e-08
2917,2e-08
2918,1e-08
2919,1e-08
2920,1e-08
2921,1e-08
2922,2e-08
2923,1e-08
2924,2e-08
2925,5e-08
2926,2e-08
2927,2e-08
2928,2e-08
2929,1e-08
2930,1e-08
2931,2e-08
2932,2e-08
2933,2e-08
2934,1e-08
2935,3e-08
2936,1e-08
2937,2e-08
2938,1e-08
2939,2e-08
2940,2e-08
2941,2e-08
2942,1e-08
2943,2e-08
2944,2e-08
2945,2e-08
2946,1e-08
2947,1e-08
2948,2e-08
2949,2e-08
2950,2e-08
2951,1e-08
2952,2e-08
2953,1e-08
2954,1e-08
2955,2e-08
2956,2e-08
2957,1e-08
2958,2e-08
2959,2e-08
2960,2e-08
2961,1e-08
2962,2e-08
2963,2e-08
2964,2e-08
2965,2e-08
2966,3e-08
2967,2e-08
2968,3e-08
2969,3e-08
2970,2e-08
2971,2e-08
2972,1e-08
2973,1e-08
2974,2e-08
2975,2e-08
2976,2e-08
2977,2e-08
2978,1e-08
2979,2e-08
2980,2e-08
2981,1e-08
2982,1e-08
2983,1e-08
2984,2e-08
2985,2e-08
2986,1e-08
2987,2e-08
2988,1e-08
2989,2e-08
2990,2e-08
2991,1e-08
2992,1e-08
2993,1e-08
2994,2e-08
2995,2e-08
2996,1e-08
2997,2e-08
2998,2e-08
2999,1e-08
3000,2e-08
3001,1e-08
3002,2e-08
3003,2e-08
3004,1e-08
3005,1e-08
3006,2e-08
3007,1e-08
3008,1e-08
3009,2e-08
3010,2e-08
3011,1e-08
3012,1e-08
3013,2e-08
3014,2e-08
3015,2e-08
3016,1e-08
3017,2e-08
3018,1e-08
3019,1e-08
3020,1e-08
3021,1e-08
3022,2e-08
3023,1e-08
3024,2e-08
3025,1e-08
3026,2e-08
3027,4e-08
3028,2e-08
3029,1e-08
3030,2e-08
3031,2e-08
3032,2e-08
3033,2e-08
3034,2e-08
3035,1e-08
3036,1e-08
3037,2e-08
3038,2e-08
3039,1e-08
3040,2e-08
3041,2e-08
3042,2e-08
3043,2e-08
3044,2e-08
3045,2e-08
3046,1e-08
3047,2e-08
3048,1e-08
3049,2e-08
3050,1e-08
3051,1e-08
3052,1e-08
3053,1e-08
3054,2e-08
3055,2e-08
3056,2e-08
3057,1e-08
3058,1e-08
3059,2e-08
3060,1e-08
3061,2e-08
3062,2e-08
3063,2e-08
3064,2e-08
3065,2e-08
3066,2e-08
3067,1e-08
3068,2e-08
3069,1e-08
3070,1e-08
3071,1e-08
3072,1e-08
3073,2e-08
3074,1e-08
3075,2e-08
3076,1e-08
3077,2e-08
3078,1e-08
3079,2e-08
3080,2e-08
3081,1e-08
3082,1e-08
3083,1e-08
3084,1e-08
3085,2e-08
3086,2e-08
3087,1e-08
3088,2e-08
3089,2e-08
3090,1e-08
3091,1e-08
3092,1e-08
3093,2e-08
3094,1e-08
3095,1e-08
3096,1e-08
3097,2e-08
3098,1e-08
3099,2e-08
3100,1e-08
3101,1e-08
3102,1e-08
3103,1e-08
3104,2e-08
3105,2e-08
3106,2e-08
3107,1e-08
3108,2e-08
3109,2e-08
3110,2e-08
3111,2e-08
3112,1e-08
3113,2e-08
3114,1e-08
3115,1e-08
3116,1e-08
3117,2e-08
3118,2e-08
3119,1e-08
3120,1e-08
3121,2e-08
3122,1e-08
3123,2e-08
3124,1e-08
3125,1e-08
3126,1e-08
3127,1e-08
3128,1e-08
3129,2e-08
3130,2e-08
3131,1e-08
3132,1e-08
3133,2e-08
3134,2e-08
3135,2e-08
3136,2e-08
3137,2e-08
3138,1e-08
3139,1e-08
3140,2e-08
3141,2e-08
3142,2e-08
3143,1e-08
3144,1e-08
3145,2e-08
3146,2e-08
3147,1e-08
3148,2e-08
3149,1e-08
3150,1e-08
3151,1e-08
3152,2e-08
3153,2e-08
3154,2e-08
3155,2e-08
3156,1e-08
3157,1e-08
3158,1e-08
3159,1e-08
3160,1e-08
3161,2e-08
3162,2e-08
3163,1e-08
3164,1e-08
3165,2e-08
3166,1e-08
3167,1e-08
3168,2e-08
3169,1e-08
3170,2e-08
3171,1e-08
3172,2e-08
3173,1e-08
3174,2e-08
3175,2e-08
3176,1e-08
3177,1e-08
3178,2e-08
3179,2e-08
3180,2e-08
3181,2e-08
3182,2e-08
3183,2e-08
3184,2e-08
3185,1e-08
3186,1e-08
3187,1e-08
3188,2e-08
3189,1e-08
3190,1e-08
3191,1e-08
3192,2e-08
3193,1e-08
3194,2e-08
3195,2e-08
3196,1e-08
3197,1e-08
3198,1e-08
3199,2e-08
3200,2e-08
3201,2e-08
3202,1e-08
3203,2e-08
3204,1e-08
3205,2e-08
3206,2e-08
3207,2e-08
3208,2e-08
3209,1e-08
3210,2e-08
3211,2e-08
3212,2e-08
3213,2e-08
3214,2e-08
3215,1e-08
3216,2e-08
3217,1e-08
3218,1e-08
3219,2e-08
3220,2e-08
3221,2e-08
3222,1e-08
3223,1e-08
3224,3e-08
3225,2e-08
3226,2e-08
3227,2e-08
3228,1e-08
3229,3e-08
3230,2e-08
3231,1e-08
3232,1e-08
3233,2e-08
3234,1e-08
3235,2e-08
3236,2e-08
3237,2e-08
3238,2e-08
3239,1e-08
3240,1e-08
3241,3e-08
3242,1e-08
3243,1e-08
3244,2e-08
3245,1e-08
3246,2e-08
3247,1e-08
3248,2e-08
3249,1e-08
3250,1e-08
3251,2e-08
3252,2e-08
3253,1e-08
3254,2e-08
3255,2e-08
3256,1e-08
3257,2e-08
3258,2e-08
3259,2e-08
3260,2e-08
3261,2e-08
3262,2e-08
3263,2e-08
3264,1e-08
3265,2e-08
3266,2e-08
3267,2e-08
3268,2e-08
3269,1e-08
3270,2e-08
3271,2e-08
3272,1e-08
3273,2e-08
3274,1e-08
3275,1e-08
3276,1e-08
3277,1e-08
3278,2e-08
3279,1e-08
3280,2e-08
3281,2e-08
3282,2e-08
3283,1e-08
3284,2e-08
3285,1e-08
3286,2e-08
3287,2e-08
3288,1e-08
3289,1e-08
3290,2e-08
3291,1e-08
3292,1e-08
3293,2e-08
3294,1e-08
3295,1e-08
3296,2e-08
3297,2e-08
3298,2e-08
3299,1e-08
3300,1e-08
3301,2e-08
3302,1e-08
3303,2e-08
3304,2e-08
3305,1e-08
3306,1e-08
3307,2e-08
3308,1e-08
3309,1e-08
3310,2e-08
3311,2e-08
3312,1e-08
3313,2e-08
3314,2e-08
3315,2e-08
3316,1e-08
3317,2e-08
3318,1e-08
3319,2e-08
3320,2e-08
3321,1e-08
3322,1e-08
3323,2e-08
3324,2e-08
3325,1e-08
3326,2e-08
3327,1e-08
3328,1e-08
3329,1e-08
3330,2e-08
3331,1e-08
3332,2e-08
3333,2e-08
3334,2e-08
3335,2e-08
3336,2e-08
3337,1e-08
3338,2e-08
3339,1e-08
3340,2e-08
3341,1e-08
3342,2e-08
3343,2e-08
3344,2e-08
3345,2e-08
3346,1e-08
3347,1e-08
3348,1e-08
3349,2e-08
3350,3e-08
3351,1e-08
3352,1e-08
3353,2e-08
3354,1e-08
3355,1e-08
3356,1e-08
3357,1e-08
3358,2e-08
3359,1e-08
3360,2e-08
3361,2e-08
3362,2e-08
3363,2e-08
3364,1e-08
3365,1e-08
3366,2e-08
3367,2e-08
3368,1e-08
3369,1e-08
3370,2e-08
3371,2e-08
3372,2e-08
3373,2e-08
3374,1e-08
3375,2e-08
3376,1e-08
3377,2e-08
3378,1e-08
3379,1e-08
3380,1e-08
3381,1e-08
3382,1e-08
3383,1e-08
3384,2e-08
3385,1e-08
3386,1e-08
3387,1e-08
3388,2e-08
3389,1e-08
3390,1e-08
3391,2e-08
3392,1e-08
3393,1e-08
3394,1e-08
3395,1e-08
3396,1e-08
3397,2e-08
3398,1e-08
3399,2e-08
3400,2e-08
3401,2e-08
3402,1e-08
3403,2e-08
3404,2e-08
3405,1e-08
3406,2e-08
3407,2e-08
3408,2e-08
3409,1e-08
3410,2.3e-07
3411,1e-08
3412,2e-08
3413,2e-08
3414,2e-08
3415,2e-08
3416,2e-08
3417,2e-08
3418,1e-08
3419,2e-08
3420,1e-08
3421,1e-08
3422,1e-08
3423,2e-08
3424,2e-08
3425,1e-08
3426,2e-08
3427,2e-08
3428,2e-08
3429,2e-08
3430,1e-08
3431,2e-08
3432,1e-08
3433,2e-08
3434,2e-08
3435,1e-08
3436,2e-08
3437,2e-08
3438,1e-08
3439,1e-08
3440,1e-08
3441,1e-08
3442,1e-08
3443,1e-08
3444,1e-08
3445,2e-08
3446,2e-08
3447,2e-08
3448,1e-08
3449,2e-08
3450,2e-08
3451,2e-08
3452,1e-08
3453,2e-08
3454,2e-08
3455,1e-08
3456,1e-08
3457,2e-08
3458,2e-08
3459,2e-08
3460,2e-08
3461,1e-08
3462,1e-08
3463,2e-08
3464,2e-08
3465,2e-08
3466,1e-08
3467,2e-08
3468,2e-08
3469,2e-08
3470,1e-08
3471,2e-08
3472,1e-08
3473,1e-08
3474,1e-08
3475,2e-08
3476,2e-08
3477,2e-08
3478,2e-08
3479,1e-08
3480,2e-08
3481,2e-08
3482,2e-08
3483,1e-08
3484,2e-08
3485,2e-08
3486,2e-08
3487,3e-08
3488,3e-08
3489,1e-08
3490,1e-08
3491,2e-08
3492,1e-08
3493,2e-08
3494,2e-08
3495,2e-08
3496,2e-08
3497,2e-08
3498,2e-08
3499,1e-08
3500,2e-08
3501,2e-08
3502,1e-08
3503,2e-08
3504,2e-08
3505,3e-08
3506,1e-08
3507,2e-08
3508,2e-08
3509,2e-08
3510,2e-08
3511,1e-08
3512,1e-08
3513,1e-08
3514,1e-08
3515,2e-08
3516,1e-08
3517,2e-08
3518,1e-08
3519,2e-08
3520,1e-08
3521,2e-08
3522,2e-08
3523,2e-08
3524,1e-08
3525,2e-08
3526,2e-08
3527,1e-08
3528,2e-08
3529,2e-08
3530,1e-08
3531,1e-08
3532,1e-08
3533,2e-08
3534,2e-08
3535,2e-08
3536,1e-08
3537,1e-08
3538,1e-08
3539,1e-08
3540,1e-08
3541,1e-08
3542,1e-08
3543,1e-08
3544,2e-08
3545,1e-08
3546,1e-08
3547,1e-08
3548,2e-08
3549,1e-08
3550,2e-08
3551,1e-08
3552,3e-08
3553,2e-08
3554,2e-08
3555,1e-08
3556,2e-08
3557,1e-08
3558,2e-08
3559,1e-08
3560,1e-08
3561,1e-08
3562,3e-08
3563,2e-08
3564,1e-08
3565,2e-08
3566,1e-08
3567,2e-08
3568,1e-08
3569,1e-08
3570,1e-08
3571,2e-08
3572,1e-08
3573,1e-08
3574,1e-08
3575,2e-08
3576,2e-08
3577,1e-08
3578,2e-08
3579,2e-08
3580,2e-08
3581,1e-08
3582,2e-08
3583,1e-08
3584,1e-08
3585,2e-08
3586,2e-08
3587,2e-08
3588,2e-08
3589,2e-08
3590,2e-08
3591,2e-08
3592,1e-08
3593,2e-08
3594,2e-08
3595,2e-08
3596,1e-08
3597,1e-08
3598,1e-08
3599,2e-08
3600,1e-08
3601,2e-08
3602,2e-08
3603,1e-08
3604,1e-08
3605,2e-08
3606,2e-08
3607,1e-08
3608,2e-08
3609,2e-08
3610,2e-08
3611,3e-08
3612,1e-08
3613,1e-08
3614,1e-08
3615,1e-08
3616,2e-08
3617,3e-08
3618,1e-08
3619,4e-07
3620,2e-08
3621,3e-08
3622,3e-08
3623,3e-08
3624,3e-08
3625,2e-08
3626,2e-08
3627,2e-08
3628,2e-08
3629,2e-08
3630,3e-08
3631,3e-08
3632,2e-08
3633,3e-08
3634,2e-08
3635,2e-08
3636,2e-08
3637,3e-08
3638,2e-08
3639,2e-08
3640,1e-08
3641,2e-08
3642,2e-08
3643,2e-08
3644,1e-08
3645,1e-08
3646,2e-08
3647,2e-08
3648,1e-08
3649,2e-08
3650,1e-08
3651,2e-08
3652,1e-08
3653,2e-08
3654,1e-08
3655,2e-08
3656,2e-08
3657,2e-08
3658,2e-08
3659,1e-08
3660,2e-08
3661,2e-08
3662,1e-08
3663,2e-08
3664,2e-08
3665,2e-08
3666,2e-08
3667,1e-08
3668,2e-08
3669,1e-08
3670,2e-08
3671,2e-08
3672,1e-08
3673,2e-08
3674,1e-08
3675,2e-08
3676,1e-08
3677,1e-08
3678,2e-08
3679,2e-08
3680,1e-08
3681,1e-08
3682,2e-08
3683,2e-08
3684,1e-08
3685,2e-08
3686,2e-08
3687,1e-08
3688,1e-08
3689,2e-08
3690,1e-08
3691,1e-08
3692,2e-08
3693,1e-08
3694,2e-08
3695,2e-08
3696,2e-08
3697,1e-08
3698,2e-08
3699,2e-08
3700,1e-08
3701,1e-08
3702,1e-08
3703,1e-08
3704,1e-08
3705,2e-08
3706,2e-08
3707,1e-08
3708,2e-08
3709,1e-08
3710,2e-08
3711,2e-08
3712,2e-08
3713,1e-08
3714,2e-08
3715,2e-08
3716,1e-08
3717,2e-08
3718,2e-08
3719,1e-08
3720,2e-08
3721,2e-08
3722,1e-08
3723,1e-08
3724,1e-08
3725,2e-08
3726,1e-08
3727,1e-08
3728,1e-08
3729,1e-08
3730,2e-08
3731,1e-08
3732,2e-08
3733,1e-08
3734,2e-08
3735,1e-08
3736,2e-08
3737,1e-08
3738,1e-08
3739,2e-08
3740,1e-08
3741,1e-08
3742,2e-08
3743,1e-08
3744,2e-08
3745,2e-08
3746,2e-08
3747,3e-08
3748,2e-08
3749,3e-08
3750,2e-08
3751,2e-08
3752,2e-08
3753,1e-08
3754,1e-08
3755,1e-08
3756,2e-08
3757,2e-08
3758,1e-08
3759,2e-08
3760,2e-08
3761,1e-08
3762,2e-08
3763,2e-08
3764,1e-08
3765,1e-08
3766,2e-08
3767,1e-08
3768,2e-08
3769,2e-08
3770,1e-08
3771,2e-08
3772,1e-08
3773,1e-08
3774,1e-08
3775,1e-08
3776,2e-08
3777,1e-08
3778,2e-08
3779,2e-08
3780,2e-08
3781,2e-08
3782,2e-08
3783,2e-08
3784,2e-08
3785,2e-08
3786,2e-08
3787,2e-08
3788,1e-08
3789,2e-08
3790,1e-08
3791,1e-08
3792,2e-08
3793,2e-08
3794,3e-08
3795,2e-08
3796,1e-08
3797,2e-08
3798,1e-08
3799,2e-08
3800,1e-08
3801,2e-08
3802,2e-08
3803,1e-08
3804,2e-08
3805,2e-08
3806,2e-08
3807,1e-08
3808,1e-08
3809,2e-08
3810,3e-08
3811,3e-08
3812,2e-08
3813,2e-08
3814,2e-08
3815,3e-08
3816,1e-08
3817,1e-08
3818,2e-08
3819,2e-08
3820,2e-08
3821,1e-08
3822,1e-08
3823,3e-08
3824,2e-08
3825,2e-08
3826,2e-08
3827,2e-08
3828,1e-08
3829,2e-08
3830,2e-08
3831,2e-08
3832,2e-08
3833,2e-08
3834,2e-08
3835,1e-08
3836,1e-08
3837,1e-08
3838,2e-08
3839,2e-08
3840,1e-08
3841,1e-08
3842,2e-08
3843,2e-08
3844,2e-08
3845,1e-08
3846,2e-08
3847,2e-08
3848,2e-08
3849,3e-08
3850,2e-08
3851,2e-08
3852,1.2e-07
3853,2e-08
3854,1e-08
3855,1e-08
3856,2e-08
3857,1e-08
3858,2e-08
3859,1e-08
3860,1e-08
3861,3e-08
3862,3e-08
3863,1e-08
3864,2e-08
3865,2e-08
3866,2e-08
3867,2e-08
3868,1e-08
3869,1e-08
3870,2e-08
3871,2e-08
3872,2e-08
3873,1e-08
3874,2e-08
3875,1e-08
3876,2e-08
3877,2e-08
3878,2e-08
3879,1e-08
3880,2e-08
3881,2e-08
3882,2e-08
3883,1e-08
3884,2e-08
3885,1e-08
3886,1e-08
3887,2e-08
3888,2e-08
3889,2e-08
3890,1e-08
3891,1e-08
3892,1e-08
3893,2e-08
3894,1e-08
3895,2e-08
3896,3e-08
3897,2e-08
3898,2e-08
3899,9e-08
3900,1e-08
3901,2e-08
3902,1e-08
3903,1e-08
3904,1e-08
3905,2e-08
3906,2e-08
3907,2e-08
3908,2e-08
3909,2e-08
3910,2e-08
3911,2e-08
3912,2e-08
3913,2e-08
3914,2e-08
3915,2e-08
3916,1e-08
3917,1e-08
3918,1e-08
3919,1e-08
3920,1e-08
3921,2e-08
3922,1e-08
3923,1e-08
3924,2e-08
3925,1e-08
3926,2e-08
3927,1e-08
3928,2e-08
3929,2e-08
3930,2e-08
3931,2e-08
3932,2e-08
3933,2e-08
3934,2e-08
3935,1e-08
3936,2e-08
3937,2e-08
3938,1e-08
3939,2e-08
3940,1e-08
3941,1.1e-07
3942,2e-08
3943,3e-08
3944,1e-08
3945,2e-08
3946,2e-08
3947,2e-08
3948,2e-08
3949,3e-08
3950,1e-08
3951,2e-08
3952,1e-08
3953,2e-08
3954,1e-08
3955,2e-08
3956,2e-08
3957,3e-08
3958,2e-08
3959,1e-08
3960,2e-08
3961,1e-08
3962,2e-08
3963,1e-08
3964,1e-08
3965,2e-08
3966,2e-08
3967,1e-08
3968,1e-08
3969,1e-08
3970,2e-08
3971,1e-08
3972,3e-08
3973,3e-08
3974,3e-08
3975,1e-08
3976,3e-08
3977,3e-08
3978,1e-08
3979,2e-08
3980,3e-08
3981,2e-08
3982,3e-08
3983,2e-08
3984,2e-08
3985,1.5e-07
3986,1.1e-07
3987,2e-08
3988,2e-08
3989,2e-08
3990,3e-08
3991,2e-08
3992,2e-08
3993,1e-08
3994,1e-08
3995,2e-08
3996,1e-08
3997,3e-08
3998,2e-08
3999,1e-08
4000,1e-08
4001,2e-08
4002,2e-08
4003,3e-08
4004,3e-08
4005,1e-08
4006,2e-08
4007,2e-08
4008,2e-08
4009,1e-08
4010,3e-08
4011,2e-08
4012,1e-08
4013,2e-08
4014,1e-08
4015,3e-08
4016,2e-08
4017,1e-08
4018,3e-08
4019,2e-08
4020,2e-08
4021,2e-08
4022,2e-08
4023,2e-08
4024,1e-08
4025,1e-08
4026,2e-08
4027,2e-08
4028,1.2e-07
4029,2e-08
4030,2e-08
4031,3e-08
4032,2e-08
4033,2e-08
4034,1e-08
4035,1e-08
4036,1e-08
4037,1e-08
4038,2e-08
4039,2e-08
4040,1e-08
4041,2e-08
4042,2e-08
4043,2e-08
4044,1e-08
4045,1e-08
4046,2e-08
4047,2e-08
4048,1e-08
4049,1e-08
4050,2e-08
4051,2e-08
4052,1e-08
4053,1e-08
4054,2e-08
4055,2e-08
4056,2e-08
4057,2e-08
4058,1e-08
4059,2e-08
4060,1e-08
4061,2e-08
4062,2e-08
4063,1e-08
4064,2e-08
4065,2e-08
4066,2e-08
4067,1e-08
4068,2e-08
4069,1e-08
4070,2e-08
4071,2e-08
4072,2e-08
4073,1e-08
4074,2e-08
4075,2e-08
4076,1e-08
4077,1e-08
4078,1e-08
4079,2e-08
4080,2e-08
4081,1e-08
4082,1e-08
4083,2e-08
4084,1e-08
4085,2e-08
4086,1e-08
4087,1e-08
4088,2e-08
4089,2e-08
4090,1e-08
4091,2e-08
4092,2e-08
4093,2e-08
4094,1e-08
4095,2e-08
4096,1e-08
4097,2e-08
4098,2e-08
4099,2e-08
4100,2e-08
4101,1e-08
4102,1e-08
4103,1e-08
4104,2e-08
4105,1e-08
4106,2e-08
4107,2e-08
4108,1e-08
4109,2e-08
4110,1e-08
4111,2e-08
4112,2e-08
4113,1e-08
4114,1e-08
4115,2e-08
4116,1e-08
4117,1e-08
4118,1e-08
4119,2e-08
4120,1e-08
4121,2e-08
4122,2e-08
4123,1e-08
4124,2e-08
4125,2e-08
4126,1e-08
4127,1e-08
4128,1e-08
4129,2e-08
4130,2e-08
4131,1e-08
4132,1e-08
4133,1e-08
4134,1e-08
4135,2e-08
4136,1e-08
4137,2e-08
4138,2e-08
4139,1e-08
4140,2e-08
4141,2e-08
4142,2e-08
4143,2e-08
4144,1e-08
4145,1e-08
4146,2e-08
4147,1e-08
4148,2e-08
4149,1e-08
4150,1e-08
4151,2e-08
4152,1e-08
4153,2e-08
4154,2e-08
4155,1e-08
4156,1e-08
4157,2e-08
4158,2e-08
4159,2e-08
4160,2e-08
4161,2e-08
4162,1e-08
4163,1e-08
4164,1e-08
4165,1e-08
4166,2e-08
4167,2e-08
4168,2e-08
4169,2e-08
4170,1e-08
4171,2e-08
4172,2e-08
4173,1e-08
4174,2e-08
4175,2e-08
4176,1e-08
4177,1e-08
4178,2e-08
4179,1e-08
4180,1e-08
4181,2e-08
4182,1e-08
4183,2e-08
4184,1e-08
4185,2e-08
4186,1e-08
4187,2e-08
4188,2e-08
4189,1e-08
4190,2e-08
4191,2e-08
4192,2e-08
4193,1e-08
4194,2e-08
4195,1e-08
4196,1e-08
4197,1e-08
4198,1e-08
4199,3e-08
4200,1e-08
4201,1e-08
4202,2e-08
4203,1e-08
4204,1e-08
4205,2e-08
4206,2e-08
4207,2e-08
4208,2e-08
4209,2e-08
4210,1e-08
4211,1e-08
4212,2e-08
4213,1e-08
4214,2e-08
4215,1e-08
4216,2e-08
4217,2e-08
4218,1e-08
4219,2e-08
4220,2e-08
4221,2e-08
4222,2e-08
4223,1e-08
4224,1e-08
4225,1e-08
4226,2e-08
4227,2e-08
4228,1e-08
4229,1e-08
4230,2e-08
4231,2e-08
4232,1e-08
4233,1e-08
4234,1e-08
4235,2e-08
4236,2e-08
4237,2e-08
4238,1e-08
4239,1e-08
4240,2e-08
4241,2e-08
4242,2e-08
4243,1e-08
4244,2e-08
4245,2e-08
4246,2e-08
4247,2e-08
4248,2e-08
4249,1e-08
4250,2e-08
4251,2e-08
4252,1e-08
4253,2e-08
4254,1e-08
4255,2e-08
4256,2e-08
4257,2e-08
4258,1e-08
4259,1e-08
4260,2e-08
4261,2e-08
4262,1e-08
4263,1e-08
4264,2e-08
4265,2e-08
4266,2e-08
4267,2e-08
4268,1e-08
4269,1e-08
4270,1e-08
4271,2e-08
4272,1e-08
4273,1e-08
4274,1e-08
4275,1e-08
4276,2e-08
4277,2e-08
4278,1e-08
4279,2e-08
4280,2e-08
4281,1e-08
4282,2e-08
4283,1e-08
4284,2e-08
4285,1e-08
4286,2e-08
4287,2e-08
4288,2e-08
4289,1e-08
4290,2e-08
4291,2e-08
4292,2e-08
4293,1e-08
4294,2e-08
4295,2e-08
4296,2e-08
4297,2e-08
4298,2e-08
4299,2e-08
4300,1e-08
4301,2e-08
4302,2e-08
4303,1e-08
4304,1e-08
4305,2e-08
4306,2e-08
4307,1e-08
4308,2e-08
4309,1e-08
4310,1e-08
4311,1e-07
4312,2e-08
4313,1e-08
4314,2e-08
4315,1e-08
4316,1e-08
4317,1e-08
4318,1e-08
4319,2e-08
4320,2e-08
4321,1e-08
4322,2e-08
4323,1e-08
4324,2e-08
4325,2e-08
4326,2e-08
4327,2e-08
4328,2e-08
4329,2e-08
4330,2e-08
4331,2e-08
4332,2e-08
4333,1e-08
4334,1e-08
4335,1e-08
4336,1e-08
4337,2e-08
4338,3e-08
4339,3e-08
4340,2e-08
4341,2e-08
4342,2e-08
4343,3e-08
4344,1e-08
4345,2e-08
4346,1e-08
4347,1e-08
4348,1e-08
4349,2e-08
4350,2e-08
4351,2e-08
4352,2e-08
4353,2e-08
4354,1e-08
4355,1e-08
4356,2e-08
4357,2e-08
4358,1e-08
4359,1e-08
4360,2e-08
4361,1e-08
4362,2e-08
4363,2e-08
4364,1e-08
4365,1e-08
4366,2e-08
4367,2e-08
4368,1e-08
4369,2e-08
4370,2e-08
4371,2e-08
4372,2e-08
4373,2e-08
4374,1e-08
4375,2e-08
4376,1e-08
4377,2e-08
4378,1e-08
4379,2e-08
4380,1e-08
4381,1e-08
4382,1e-08
4383,1e-08
4384,1e-08
4385,2e-08
4386,2e-08
4387,1e-08
4388,2e-08
4389,2e-08
4390,1e-08
4391,2e-08
4392,2e-08
4393,2e-08
4394,2e-08
4395,2e-08
4396,2e-08
4397,1e-08
4398,2e-08
4399,1e-08
4400,1e-08
4401,2e-08
4402,2e-08
4403,1e-08
4404,2e-08
4405,2e-08
4406,1e-08
4407,1e-08
4408,2e-08
4409,2e-08
4410,3e-08
4411,3e-08
4412,1e-08
4413,1e-08
4414,1e-08
4415,2e-08
4416,2e-08
4417,2e-08
4418,2e-08
4419,2e-08
4420,2e-08
4421,2e-08
4422,2e-08
4423,2e-08
4424,1e-08
4425,2e-08
4426,2e-08
4427,2e-08
4428,1e-08
4429,2e-08
4430,2e-08
4431,1e-08
4432,2e-08
4433,2e-08
4434,2e-08
4435,1e-08
4436,1e-08
4437,2e-08
4438,2e-08
4439,1e-08
4440,2e-08
4441,1e-08
4442,2e-08
4443,3e-08
4444,2e-08
4445,2e-08
4446,2e-08
4447,2e-08
4448,2e-08
4449,1e-08
4450,2e-08
4451,1e-08
4452,1e-08
4453,1e-08
4454,1e-08
4455,2e-08
4456,2e-08
4457,2e-08
4458,2e-08
4459,2e-08
4460,1e-08
4461,1e-08
4462,2e-08
4463,1e-08
4464,1e-08
4465,1e-08
4466,2e-08
4467,2e-08
4468,2e-08
4469,2e-08
4470,2e-08
4471,1e-08
4472,2e-08
4473,1e-08
4474,2e-08
4475,2e-08
4476,2e-08
4477,1e-08
4478,2e-08
4479,2e-08
4480,1e-08
4481,1e-08
4482,2e-08
4483,2e-08
4484,2e-08
4485,2e-08
4486,2e-08
4487,2e-08
4488,1e-08
4489,2e-08
4490,1e-08
4491,2e-08
4492,2e-08
4493,3e-08
4494,3e-08
4495,3e-08
4496,2e-08
4497,2e-08
4498,2e-08
4499,1e-08
4500,3e-08
4501,3e-08
4502,1e-08
4503,2e-08
4504,1e-08
4505,1e-08
4506,2e-08
4507,1e-08
4508,1e-08
4509,1e-08
4510,2e-08
4511,2e-08
4512,2e-08
4513,2e-08
4514,1e-08
4515,1e-08
4516,2e-08
4517,1e-08
4518,2e-08
4519,2e-08
4520,1e-08
4521,2e-08
4522,1e-08
4523,1e-08
4524,2e-08
4525,1e-08
4526,1e-08
4527,1e-08
4528,1e-08
4529,2e-08
4530,1e-08
4531,1e-08
4532,1e-08
4533,1e-08
4534,1e-08
4535,1e-08
4536,1e-08
4537,1e-08
4538,2e-08
4539,2e-08
4540,2e-08
4541,1e-08
4542,1e-08
4543,1e-08
4544,2e-08
4545,1e-08
4546,1e-08
4547,1e-08
4548,1e-08
4549,2e-08
4550,2e-08
4551,1e-08
4552,2e-08
4553,1e-08
4554,1e-08
4555,1e-08
4556,2e-08
4557,1e-08
4558,2e-08
4559,2e-08
4560,2e-08
4561,1e-08
4562,1e-08
4563,2e-08
4564,2e-08
4565,1e-08
4566,1e-08
4567,2e-08
4568,2e-08
4569,2e-08
4570,2e-08
4571,1e-08
4572,2e-08
4573,1e-08
4574,1e-08
4575,1e-08
4576,2e-08
4577,2e-08
4578,2e-08
4579,1e-08
4580,2e-08
4581,2e-08
4582,3e-08
4583,1e-08
4584,1e-08
4585,1e-08
4586,2e-08
4587,1e-08
4588,1e-08
4589,2e-08
4590,2e-08
4591,2e-08
4592,2e-08
4593,1e-08
4594,1e-08
4595,1e-08
4596,2e-08
4597,2e-08
4598,2e-08
4599,2e-08
4600,3e-08
4601,2e-08
4602,2e-08
4603,1e-08
4604,1e-08
4605,1e-08
4606,1e-08
4607,2e-08
4608,2e-08
4609,1e-08
4610,1e-08
4611,2e-08
4612,2e-08
4613,2e-08
4614,1e-08
4615,1e-08
4616,2e-08
4617,2e-08
4618,2e-08
4619,1e-08
4620,1e-08
4621,1e-08
4622,1e-08
4623,2e-08
4624,2e-08
4625,1e-08
4626,1e-08
4627,2e-08
4628,1e-08
4629,1e-08
4630,2e-08
4631,2e-08
4632,1e-08
4633,3e-08
4634,3e-08
4635,3e-08
4636,3e-08
4637,1e-08
4638,3e-08
4639,2e-08
4640,3e-08
4641,3e-08
4642,3e-08
4643,3e-08
4644,2e-08
4645,2e-08
4646,3e-08
4647,2e-08
4648,1e-08
4649,2e-08
4650,1e-08
4651,1e-08
4652,1e-08
4653,1e-08
4654,2e-08
4655,1e-08
4656,1e-08
4657,2e-08
4658,1e-08
4659,2e-08
4660,2e-08
4661,2e-08
4662,1e-08
4663,2e-08
4664,1e-08
4665,3e-08
4666,2e-08
4667,2e-08
4668,1e-08
4669,2e-08
4670,2e-08
4671,1e-08
4672,1e-08
4673,2e-08
4674,1e-08
4675,2e-08
4676,1e-08
4677,1e-08
4678,2e-08
4679,2e-08
4680,1e-08
4681,2e-08
4682,1e-08
4683,2e-08
4684,3e-08
4685,3e-08
4686,2e-08
4687,2e-08
4688,2e-08
4689,1e-08
4690,2e-08
4691,2e-08
4692,2e-08
4693,1e-08
4694,1e-08
4695,2e-08
4696,1e-08
4697,2e-08
4698,2e-08
4699,2e-08
4700,2e-08
4701,2e-08
4702,1e-08
4703,2e-08
4704,2e-08
4705,1e-08
4706,1e-08
4707,1e-08
4708,2e-08
4709,2e-08
4710,2e-08
4711,1e-08
4712,1e-08
4713,1e-08
4714,2e-08
4715,2e-08
4716,2.1e-07
4717,3e-08
4718,1e-08
4719,2e-08
4720,2e-08
4721,2e-08
4722,2e-08
4723,2e-08
4724,1e-08
4725,1e-08
4726,1e-08
4727,1e-08
4728,1e-08
4729,1e-08
4730,1e-08
4731,2e-08
4732,1e-08
4733,2e-08
4734,1e-08
4735,1e-08
4736,1e-08
4737,2e-08
4738,2e-08
4739,2e-08
4740,2e-08
4741,2e-08
4742,2e-08
4743,1e-08
4744,2e-08
4745,1e-08
4746,2e-08
4747,2e-08
4748,2e-08
4749,1e-08
4750,2e-08
4751,1e-08
4752,2e-08
4753,2e-08
4754,3e-08
4755,3e-08
4756,2e-08
4757,1e-08
4758,2e-08
4759,1e-08
4760,2e-08
4761,2e-08
4762,2e-08
4763,2e-08
4764,1e-08
4765,2e-08
4766,1e-08
4767,1e-08
4768,1e-08
4769,2e-08
4770,1e-08
4771,1e-08
4772,1e-08
4773,1e-08
4774,1e-08
4775,2e-08
4776,2e-08
4777,2e-08
4778,2e-08
4779,1e-08
4780,2e-08
4781,2e-08
4782,2e-08
4783,2e-08
4784,2e-08
4785,2e-08
4786,2e-08
4787,1e-08
4788,2e-08
4789,2e-08
4790,3e-08
4791,2e-08
4792,1e-08
4793,1e-08
4794,1e-08
4795,1e-08
4796,1e-08
4797,1e-08
4798,1e-08
4799,2e-08
4800,1e-08
4801,2e-08
4802,1e-08
4803,1e-08
4804,2e-08
4805,2e-08
4806,2e-08
4807,2e-08
4808,2e-08
4809,1e-08
4810,2e-08
4811,2e-08
4812,1e-08
4813,2e-08
4814,2e-08
4815,2e-08
4816,1e-08
4817,2e-08
4818,2e-08
4819,2e-08
4820,1e-08
4821,1e-08
4822,1e-08
4823,2e-08
4824,2e-08
4825,2e-08
4826,2e-08
4827,2e-08
4828,2e-08
4829,1e-08
4830,2e-08
4831,2e-08
4832,2e-08
4833,1e-08
4834,2e-08
4835,2e-08
4836,1e-08
4837,1e-08
4838,2e-08
4839,1e-08
4840,1e-08
4841,1e-08
4842,1e-08
4843,2e-08
4844,2e-08
4845,2e-08
4846,2e-08
4847,2e-08
4848,1e-08
4849,2e-08
4850,2e-08
4851,2e-08
4852,1e-08
4853,2e-08
4854,1e-08
4855,1e-08
4856,2e-08
4857,1e-08
4858,2e-08
4859,2e-08
4860,2e-08
4861,3e-08
4862,1e-08
4863,2e-08
4864,1e-08
4865,1e-08
4866,3e-08
4867,1e-08
4868,1e-08
4869,1e-08
4870,2e-08
4871,2e-08
4872,1e-08
4873,2e-08
4874,2e-08
4875,1e-08
4876,2e-08
4877,2e-08
4878,1e-08
4879,1e-08
4880,2e-08
4881,2e-08
4882,1e-08
4883,1e-08
4884,1e-08
4885,1e-08
4886,1e-08
4887,2e-08
4888,2e-08
4889,2e-08
4890,2e-08
4891,2e-08
4892,1e-08
4893,1e-08
4894,2e-08
4895,1e-08
4896,1e-08
4897,1e-08
4898,2e-08
4899,2e-08
4900,2e-08
4901,1e-08
4902,1e-08
4903,1e-08
4904,1e-08
4905,1e-08
4906,1e-08
4907,2e-08
4908,2e-08
4909,1e-08
4910,1e-08
4911,2e-08
4912,2e-08
4913,1e-08
4914,2e-08
4915,2e-08
4916,2e-08
4917,1e-08
4918,2e-08
4919,2e-08
4920,2e-08
4921,2e-08
4922,2e-08
4923,1e-08
4924,2e-08
4925,2e-08
4926,2e-08
4927,2e-08
4928,2e-08
4929,1e-08
4930,2e-08
4931,2e-08
4932,1e-08
4933,1e-08
4934,2e-08
4935,1e-08
4936,2e-08
4937,1e-08
4938,1e-08
4939,1e-08
4940,2e-08
4941,2e-08
4942,1e-08
4943,1e-08
4944,1e-08
4945,2e-08
4946,2e-08
4947,1e-08
4948,2e-08
4949,2e-08
4950,2e-08
4951,2e-08
4952,2e-08
4953,1e-08
4954,1e-08
4955,1e-08
4956,1e-08
4957,2e-08
4958,2e-08
4959,2e-08
4960,1e-08
4961,2e-08
4962,2e-08
4963,2e-08
4964,1e-08
4965,2e-08
4966,2e-08
4967,2e-08
4968,2e-08
4969,2e-08
4970,1e-08
4971,1e-08
4972,2e-08
4973,2e-08
4974,2e-08
4975,1e-08
4976,2e-08
4977,1e-08
4978,1e-08
4979,1e-08
4980,2e-08
4981,2e-08
4982,3e-08
4983,3e-08
4984,1e-08
4985,1e-08
4986,2e-08
4987,1e-08
4988,2e-08
4989,3e-08
4990,2e-08
4991,2e-08
4992,2e-08
4993,1e-08
4994,2e-08
4995,2e-08
4996,2e-08
4997,1e-08
4998,2e-08
4999,1e-08
5000,1e-08
5001,2e-08
5002,1e-08
5003,2e-08
5004,1e-08
5005,1e-08
5006,3e-08
5007,3e-08
5008,2e-08
5009,1e-08
5010,2e-08
5011,1e-08
5012,1e-08
5013,2e-08
5014,2e-08
5015,1e-08
5016,2e-08
5017,2e-08
5018,2e-08
5019,1e-08
5020,2e-08
5021,2e-08
5022,2e-08
5023,1e-08
5024,2e-08
5025,2e-08
5026,1e-08
5027,2e-08
5028,1e-08
5029,2e-08
5030,2e-08
5031,1e-08
5032,2e-08
5033,1e-08
5034,2e-08
5035,2e-08
5036,1e-08
5037,2e-08
5038,2e-08
5039,2e-08
5040,1e-08
5041,1e-08
5042,2e-08
5043,1e-08
5044,2e-08
5045,1e-08
5046,1e-08
5047,1e-08
5048,2e-08
5049,1e-08
5050,2e-08
5051,1e-08
5052,2e-08
5053,1e-08
5054,3e-08
5055,1e-08
5056,2e-08
5057,2e-08
5058,1e-08
5059,2e-08
5060,2e-08
5061,1e-08
5062,2e-08
5063,2e-08
5064,1e-08
5065,1e-08
5066,1e-08
5067,1e-08
5068,1e-08
5069,1e-08
5070,1e-08
5071,2e-08
5072,1e-08
5073,2e-08
5074,2e-08
5075,2e-08
5076,1e-08
5077,1e-08
5078,2e-08
5079,1e-08
5080,1e-08
5081,1e-08
5082,1e-08
5083,1e-08
5084,1e-08
5085,2e-08
5086,2e-08
5087,1e-08
5088,1e-08
5089,2.1e-08
5090,1e-08
5091,2e-08
5092,1e-08
5093,2e-08
5094,1e-08
5095,1e-08
5096,2e-08
5097,2e-08
5098,1e-08
5099,3e-08
5100,2e-08
5101,1e-08
5102,2e-08
5103,2e-08
5104,1e-08
5105,1e-08
5106,1e-08
5107,1e-08
5108,2e-08
5109,2e-08
5110,1e-08
5111,3e-08
5112,3e-08
5113,2e-08
5114,2e-08
5115,1e-08
5116,2e-08
5117,2e-08
5118,2e-08
5119,2e-08
5120,2e-08
5121,2e-08
5122,2e-08
5123,1e-08
5124,2e-08
5125,1e-08
5126,1e-08
5127,1e-08
5128,2e-08
5129,2e-08
5130,2e-08
5131,1e-08
5132,2e-08
5133,2e-08
5134,2e-08
5135,2e-08
5136,1e-08
5137,1e-08
5138,2e-08
5139,2e-08
5140,1e-08
5141,2e-08
5142,2e-08
5143,2e-08
5144,2e-08
5145,2e-08
5146,2e-08
5147,1e-08
5148,2e-08
5149,2e-08
5150,2e-08
5151,1e-08
5152,1e-08
5153,1e-08
5154,1e-08
5155,2e-08
5156,1e-08
5157,2e-08
5158,2e-08
5159,2e-08
5160,2e-08
5161,3e-08
5162,1e-08
5163,1e-08
5164,2e-08
5165,1e-08
5166,2e-08
5167,2e-08
5168,3e-08
5169,2e-08
5170,3e-08
5171,3e-08
5172,2e-08
5173,2e-08
5174,2e-08
5175,2e-08
5176,1e-08
5177,3e-08
5178,3e-08
5179,2e-08
5180,2e-08
5181,2e-08
5182,3e-08
5183,2e-08
5184,3e-08
5185,1e-08
5186,3e-08
5187,1e-08
5188,3e-08
5189,3e-08
5190,2e-08
5191,1e-08
5192,1e-08
5193,2e-08
5194,2e-08
5195,2e-08
5196,2e-08
5197,1e-08
5198,1e-08
5199,1e-08
5200,2e-08
5201,1e-08
5202,1e-08
5203,2e-08
5204,2e-08
5205,2e-08
5206,2e-08
5207,2e-08
5208,1e-08
5209,2e-08
5210,2e-08
5211,2e-08
5212,2e-08
5213,1e-08
5214,2e-08
5215,2e-08
5216,2e-08
5217,2e-08
5218,1e-08
5219,1e-08
5220,2e-08
5221,1e-08
5222,2e-08
5223,1e-08
5224,2e-08
5225,1e-08
5226,3e-08
5227,2e-08
5228,1e-08
5229,2e-08
5230,2e-08
5231,2e-08
5232,1.4e-07
5233,2e-08
5234,2e-08
5235,3e-08
5236,2e-08
5237,2e-08
5238,1e-08
5239,2e-08
5240,2e-08
5241,2e-08
5242,2e-08
5243,1e-08
5244,1e-08
5245,2e-08
5246,2e-08
5247,2e-08
5248,2e-08
5249,2e-08
5250,2e-08
5251,1e-08
5252,2e-08
5253,1e-08
5254,2e-08
5255,1e-08
5256,2e-08
5257,2e-08
5258,2e-08
5259,2e-08
5260,1e-08
5261,1e-08
5262,1e-08
5263,2e-08
5264,1e-08
5265,1e-08
5266,1e-08
5267,1e-08
5268,2e-08
5269,1e-08
5270,1e-08
5271,1e-08
5272,1e-08
5273,1e-08
5274,1e-08
5275,1e-08
5276,2e-08
5277,2e-08
5278,2e-08
5279,2e-08
5280,2e-08
5281,2e-08
5282,2e-08
5283,2e-08
5284,2e-08
5285,1e-08
5286,2e-08
5287,1e-08
5288,1e-08
5289,1e-08
5290,1e-08
5291,1e-08
5292,2e-08
5293,2e-08
5294,1e-08
5295,1e-08
5296,1e-08
5297,1e-08
5298,2e-08
5299,2e-08
5300,2e-08
5301,1e-08
5302,2e-08
5303,1e-08
5304,2e-08
5305,2e-08
5306,1e-08
5307,2e-08
5308,1e-08
5309,2e-08
5310,2e-08
5311,1e-08
5312,2e-08
5313,2e-08
5314,2e-08
5315,2e-08
5316,2e-08
5317,2e-08
5318,1e-08
5319,1e-08
5320,2e-08
5321,2e-08
5322,1e-08
5323,2e-08
5324,2e-08
5325,1e-08
5326,2e-08
5327,2e-08
5328,2e-08
5329,1e-08
5330,1e-08
5331,1e-08
5332,1e-08
5333,2e-08
5334,1e-08
5335,1e-08
5336,2e-08
5337,2e-08
5338,1e-08
5339,1e-08
5340,1e-08
5341,1e-08
5342,2e-08
5343,1e-08
5344,2e-08
5345,1e-08
5346,2e-08
5347,1e-08
5348,2e-08
5349,2e-08
5350,1e-08
5351,1e-08
5352,2e-08
5353,1e-08
5354,2e-08
5355,1e-08
5356,2e-08
5357,2e-08
5358,2e-08
5359,2e-08
5360,2e-08
5361,2e-08
5362,1e-08
5363,2e-08
5364,1e-08
5365,1e-08
5366,1e-08
5367,2e-08
5368,1e-08
5369,2e-08
5370,2e-08
5371,2e-08
5372,1e-08
5373,1e-08
5374,2e-08
5375,1e-08
5376,1e-08
5377,2e-08
5378,1e-08
5379,2e-08
5380,1e-08
5381,2e-08
5382,2e-08
5383,1e-08
5384,2e-08
5385,2e-08
5386,1e-08
5387,2e-08
5388,2e-08
5389,2e-08
5390,2e-08
5391,3e-08
5392,2e-08
5393,2e-08
5394,2e-08
5395,2e-08
5396,2e-08
5397,2e-08
5398,2e-08
5399,1e-08
5400,2e-08
5401,2e-08
5402,2e-08
5403,2e-08
5404,1e-08
5405,2e-08
5406,1e-08
5407,2e-08
5408,1e-08
5409,2e-08
5410,2e-08
5411,2e-08
5412,1e-08
5413,2e-08
5414,3e-08
5415,2e-08
5416,3e-08
5417,3e-08
5418,2e-08
5419,3e-08
5420,2e-08
5421,2e-08
5422,2e-08
5423,1e-08
5424,1e-08
5425,2e-08
5426,1e-08
5427,2e-08
5428,1e-08
5429,1e-08
5430,2e-08
5431,3e-08
5432,2e-08
5433,2e-08
5434,2e-08
5435,2e-08
5436,2e-08
5437,2e-08
5438,3e-08
5439,2e-08
5440,3e-08
5441,2e-08
5442,3e-08
5443,2e-08
5444,2e-08
5445,3e-08
5446,3e-08
5447,3e-08
5448,2e-08
5449,1e-08
5450,1e-08
5451,1e-08
5452,2e-08
5453,1e-08
5454,1e-08
5455,2e-08
5456,2e-08
5457,1e-08
5458,1e-08
5459,1e-08
5460,2e-08
5461,1e-08
5462,2e-08
5463,1e-08
5464,2e-08
5465,1e-08
5466,2e-08
5467,1e-08
5468,1e-08
5469,2e-08
5470,1e-08
5471,2e-08
5472,2e-08
5473,2e-08
5474,2e-08
5475,2e-08
5476,1e-08
5477,2e-08
5478,2e-08
5479,2e-08
5480,2e-08
5481,2e-08
5482,2e-08
5483,2e-08
5484,2e-08
5485,1e-08
5486,2e-08
5487,1e-08
5488,1e-08
5489,1e-08
5490,1e-08
5491,1e-08
5492,2e-08
5493,1e-08
5494,1e-08
5495,2e-08
5496,1e-08
5497,2e-08
5498,1e-08
5499,2e-08
5500,1e-08
5501,1e-08
5502,2e-08
5503,2e-08
5504,2e-08
5505,2e-08
5506,1e-08
5507,1e-08
5508,2e-08
5509,2e-08
5510,2e-08
5511,2e-08
5512,1e-08
5513,2e-08
5514,3e-08
5515,2e-08
5516,1e-08
5517,2e-08
5518,2e-08
5519,2e-08
5520,2e-08
5521,2e-08
5522,1e-08
5523,1e-08
5524,1e-08
5525,1e-08
5526,2e-08
5527,2e-08
5528,2e-08
5529,2e-08
5530,2e-08
5531,2e-08
5532,2e-08
5533,2e-08
5534,2e-08
5535,2e-08
5536,2e-08
5537,1e-08
5538,2e-08
5539,1e-08
5540,2e-08
5541,1e-08
5542,2e-08
5543,2e-08
5544,1e-08
5545,2e-08
5546,1e-08
5547,1e-08
5548,2e-08
5549,2e-08
5550,2e-08
5551,2e-08
5552,2e-08
5553,1e-08
5554,2e-08
5555,2e-08
5556,2e-08
5557,2e-08
5558,2e-08
5559,1e-08
5560,2e-08
5561,2e-08
5562,2e-08
5563,1e-08
5564,1e-08
5565,1e-08
5566,1e-08
5567,3e-08
5568,2e-08
5569,2e-08
5570,2e-08
5571,2e-08
5572,1e-08
5573,1e-08
5574,1e-08
5575,2e-08
5576,2e-08
5577,2e-08
5578,2e-08
5579,1e-08
5580,1e-08
5581,2e-08
5582,1.1e-07
5583,2e-08
5584,2e-08
5585,2e-08
5586,2e-08
5587,2e-08
5588,1e-08
5589,3e-08
5590,2e-08
5591,2e-08
5592,2e-08
5593,2e-08
5594,2e-08
5595,2e-08
5596,1e-08
5597,2e-08
5598,1e-08
5599,2e-08
5600,1e-08
5601,1e-08
5602,2e-08
5603,1e-08
5604,1e-08
5605,1e-08
5606,2e-08
5607,1e-08
5608,2e-08
5609,2e-08
5610,2e-08
5611,2e-08
5612,2e-08
5613,1e-08
5614,2e-08
5615,2e-08
5616,2e-08
5617,1e-08
5618,1e-08
5619,2e-08
5620,2e-08
5621,1e-08
5622,2e-08
5623,2e-08
5624,2e-08
5625,1e-08
5626,1e-08
5627,2e-08
5628,2e-08
5629,2e-08
5630,2e-08
5631,3e-08
5632,1e-08
5633,2e-08
5634,2e-08
5635,1e-08
5636,2e-08
5637,1e-08
5638,2e-08
5639,2e-08
5640,2e-08
5641,1e-08
5642,1e-08
5643,2e-08
5644,2e-08
5645,2e-08
5646,1e-08
5647,2e-08
5648,1e-08
5649,1e-08
5650,2e-08
5651,2e-08
5652,1e-08
5653,2e-08
5654,2e-08
5655,2e-08
5656,1e-08
5657,2e-08
5658,2e-08
5659,2e-08
5660,2e-08
5661,2e-08
5662,2e-08
5663,1e-08
5664,2e-08
5665,2e-08
5666,2e-08
5667,2e-08
5668,2e-08
5669,2e-08
5670,1e-08
5671,2e-08
5672,1e-08
5673,3e-08
5674,3e-08
5675,1e-08
5676,2e-08
5677,1e-08
5678,2e-08
5679,1e-08
5680,2e-08
5681,1e-08
5682,2e-08
5683,2e-08
5684,1e-08
5685,1e-08
5686,1e-08
5687,1e-08
5688,1e-08
5689,2e-08
5690,2e-08
5691,1e-08
5692,2e-08
5693,2e-08
5694,2e-08
5695,2e-08
5696,1e-08
5697,1e-08
5698,2e-08
5699,1e-08
5700,2e-08
5701,2e-08
5702,1e-08
5703,2e-08
5704,2e-08
5705,2e-08
5706,1e-08
5707,2e-08
5708,2e-08
5709,2e-08
5710,1e-08
5711,2e-08
5712,1e-08
5713,1e-08
5714,2e-08
5715,2e-08
5716,1e-08
5717,1e-08
5718,2e-08
5719,2e-08
5720,2e-08
5721,1e-08
5722,1e-08
5723,1e-08
5724,1e-08
5725,2e-08
5726,2e-08
5727,1e-08
5728,1e-08
5729,1e-08
5730,2e-08
5731,1e-08
5732,2e-08
5733,1e-08
5734,1e-08
5735,2e-08
5736,1e-08
5737,2e-08
5738,2e-08
5739,2e-08
5740,1e-08
5741,2e-08
5742,2e-08
5743,2e-08
5744,2e-08
5745,1e-08
5746,1e-08
5747,1e-08
5748,2e-08
5749,1e-08
5750,2e-08
5751,1e-08
5752,2e-08
5753,2e-08
5754,2e-08
5755,2e-08
5756,2e-08
5757,1e-08
5758,2e-08
5759,1e-08
5760,1e-08
5761,2e-08
5762,2e-08
5763,1e-08
5764,1e-08
5765,2e-08
5766,1e-08
5767,2e-08
5768,1e-08
5769,2e-08
5770,2e-08
5771,2e-08
5772,2e-08
5773,2e-08
5774,3e-08
5775,1e-08
5776,3e-08
5777,1e-08
5778,2e-08
5779,1e-08
5780,1e-08
5781,3e-08
5782,1e-08
5783,3e-08
5784,2e-08
5785,1e-08
5786,1e-08
5787,1e-08
5788,1e-08
5789,2e-08
5790,1e-08
5791,1e-08
5792,1e-08
5793,3e-08
5794,2e-08
5795,2e-08
5796,3e-08
5797,1e-08
5798,1e-08
5799,3e-08
5800,1e-08
5801,3e-08
5802,2e-08
5803,3e-08
5804,2e-08
5805,2e-08
5806,1e-08
5807,2e-08
5808,1e-08
5809,2e-08
5810,2e-08
5811,2e-08
5812,1e-08
5813,2e-08
5814,2e-08
5815,2e-08
5816,2e-08
5817,1e-08
5818,1e-08
5819,2e-08
5820,1e-08
5821,2e-08
5822,3e-08
5823,2e-08
5824,1e-08
5825,1e-08
5826,2e-08
5827,2e-08
5828,1e-08
5829,2e-08
5830,2e-08
5831,1e-08
5832,2e-08
5833,2e-08
5834,1e-08
5835,2e-08
5836,1e-08
5837,1e-08
5838,2e-08
5839,1e-08
5840,2e-08
5841,2e-08
5842,2e-08
5843,2e-08
5844,1e-07
5845,2e-08
5846,2e-08
5847,2e-08
5848,2e-08
5849,1e-08
5850,2e-08
5851,1e-08
5852,2e-08
5853,2e-08
5854,1e-08
5855,1e-08
5856,1e-08
5857,1e-08
5858,2e-08
5859,2e-08
5860,1e-08
5861,2e-08
5862,2e-08
5863,2e-08
5864,2e-08
5865,1e-08
5866,1e-08
5867,1e-08
5868,2e-08
5869,1e-08
5870,2e-08
5871,2e-08
5872,2e-08
5873,2e-08
5874,1e-08
5875,1e-08
5876,1e-08
5877,1e-08
5878,2e-08
5879,1e-08
5880,1e-08
5881,2e-08
5882,2e-08
5883,1e-08
5884,2e-08
5885,1e-08
5886,2e-08
5887,1e-08
5888,2e-08
5889,2e-08
5890,1e-08
5891,2e-08
5892,2e-08
5893,2e-08
5894,1e-08
5895,2e-08
5896,2e-08
5897,1e-08
5898,2e-08
5899,1e-08
5900,1e-08
5901,1e-08
5902,2e-08
5903,2e-08
5904,2e-08
5905,2e-08
5906,1e-08
5907,1e-08
5908,2e-08
5909,2e-08
5910,2e-08
5911,2e-08
5912,2e-08
5913,2e-08
5914,1e-08
5915,1e-08
5916,2e-08
5917,1e-08
5918,2e-08
5919,2e-08
5920,2e-08
5921,1e-08
5922,1e-08
5923,2e-08
5924,1e-08
5925,2e-08
5926,2e-08
5927,1e-08
5928,2e-08
5929,2e-08
5930,2e-08
5931,1e-08
5932,2e-08
5933,2e-08
5934,1e-08
5935,2e-08
5936,2e-08
5937,2e-08
5938,2e-08
5939,1e-08
5940,2e-08
5941,1e-08
5942,2e-08
5943,2e-08
5944,1e-08
5945,1e-08
5946,1e-08
5947,1e-08
5948,1e-08
5949,2e-08
5950,2e-08
5951,1e-08
5952,2e-08
5953,1e-08
5954,1e-08
5955,1e-08
5956,1e-08
5957,2e-08
5958,2e-08
5959,2e-08
5960,1e-08
5961,1e-08
5962,1e-08
5963,2e-08
5964,2e-08
5965,2e-08
5966,2e-08
5967,2e-08
5968,2e-08
5969,2e-08
5970,2e-08
5971,2e-08
5972,2e-08
5973,2e-08
5974,1e-08
5975,2e-08
5976,2e-08
5977,2e-08
5978,2e-08
5979,1e-08
5980,1e-08
5981,2e-08
5982,1e-08
5983,2e-08
5984,1e-08
5985,2e-08
5986,1e-08
5987,2e-08
5988,1e-08
5989,1e-08
5990,1e-08
5991,1e-08
5992,2e-08
5993,2e-08
5994,1e-08
5995,1e-08
5996,1e-08
5997,1e-08
5998,1e-08
5999,2e-08
6000,2e-08
6001,1e-08
6002,2e-08
6003,2e-08
6004,1e-08
6005,1e-08
6006,2e-08
6007,1e-08
6008,1e-08
6009,1e-08
6010,1e-08
6011,1e-08
6012,2e-08
6013,2e-08
6014,2e-08
6015,2e-08
6016,1e-08
6017,2e-08
6018,1e-08
6019,2e-08
6020,2e-08
6021,1e-08
6022,1e-08
6023,1e-08
6024,1e-08
6025,2e-08
6026,1e-08
6027,1e-08
6028,1e-08
6029,1e-08
6030,2e-08
6031,2e-08
6032,2e-08
6033,1e-08
6034,2e-08
6035,1e-08
6036,2e-08
6037,1e-08
6038,2e-08
6039,1e-08
6040,3e-08
6041,2e-08
6042,1e-08
6043,1e-08
6044,2e-08
6045,2e-08
6046,2e-08
6047,1e-08
6048,2e-08
6049,2e-08
6050,1e-08
6051,2e-08
6052,2e-08
6053,1e-08
6054,1e-08
6055,2e-08
6056,2e-08
6057,2e-08
6058,2e-08
6059,1e-08
6060,2e-08
6061,2e-08
6062,1e-08
6063,1e-08
6064,1e-08
6065,2e-08
6066,2e-08
6067,2e-08
6068,2e-08
6069,1e-08
6070,1e-08
6071,2e-08
6072,1e-08
6073,1e-08
6074,2e-08
6075,2e-08
6076,1e-08
6077,2e-08
6078,1e-08
6079,1e-08
6080,2e-08
6081,1e-08
6082,2e-08
6083,1e-08
6084,2e-08
6085,1e-08
6086,2e-08
6087,2e-08
6088,2e-08
6089,2e-08
6090,1e-08
6091,2e-08
6092,2e-08
6093,1e-08
6094,2e-08
6095,2e-08
6096,2e-08
6097,2e-08
6098,2e-08
6099,2e-08
6100,1e-08
6101,1e-08
6102,2e-08
6103,1e-08
6104,2e-08
6105,1e-08
6106,2e-08
6107,1e-08
6108,1e-08
6109,2e-08
6110,1e-08
6111,2e-08
6112,1e-08
6113,1e-08
6114,1e-08
6115,2e-08
6116,2e-08
6117,1e-08
6118,2e-08
6119,2e-08
6120,1e-08
6121,2e-08
6122,2e-08
6123,1e-08
6124,1e-08
6125,2e-08
6126,1e-08
6127,2e-08
6128,1e-08
6129,1e-08
6130,1e-08
6131,1e-08
6132,1e-08
6133,2e-08
6134,1e-08
6135,1e-08
6136,1e-08
6137,1e-08
6138,2e-08
6139,1e-08
6140,1e-08
6141,2e-08
6142,3e-08
6143,2e-08
6144,2e-08
6145,1e-08
6146,2e-08
6147,1e-08
6148,1e-08
6149,1e-08
6150,1e-08
6151,1e-08
6152,2e-08
6153,1.9e-08
6154,2e-08
6155,2e-08
6156,2e-08
6157,2e-08
6158,1e-08
6159,1e-08
6160,2e-08
6161,1e-08
6162,1e-08
6163,2e-08
6164,2e-08
6165,1e-08
6166,1e-08
6167,1e-08
6168,1e-08
6169,1e-08
6170,2e-08
6171,1e-08
6172,1e-08
6173,2e-08
6174,2e-08
6175,2e-08
6176,1e-08
6177,1e-08
6178,2e-08
6179,1e-08
6180,1e-08
6181,2e-08
6182,2e-08
6183,1e-08
6184,2e-08
6185,2e-08
6186,1e-08
6187,2e-08
6188,1e-08
6189,1e-08
6190,1e-08
6191,2e-08
6192,1e-08
6193,2e-08
6194,2e-08
6195,2e-08
6196,1e-08
6197,2e-08
6198,2e-08
6199,1e-08
6200,2e-08
6201,1e-08
6202,2e-08
6203,2e-08
6204,2e-08
6205,1e-08
6206,2e-08
6207,2e-08
6208,1e-08
6209,1e-08
6210,2e-08
6211,2e-08
6212,1e-08
6213,1e-08
6214,2e-08
6215,1e-08
6216,2e-08
6217,2e-08
6218,1e-08
6219,1e-08
6220,1e-08
6221,2e-08
6222,2e-08
6223,2e-08
6224,2e-08
6225,2e-08
6226,1e-08
6227,2e-08
6228,1e-08
6229,1e-08
6230,2e-08
6231,2e-08
6232,2e-08
6233,2e-08
6234,2e-08
6235,2e-08
6236,2e-08
6237,2e-08
6238,2e-08
6239,1e-08
6240,2e-08
6241,2e-08
6242,2e-08
6243,1e-08
6244,1e-08
6245,1e-08
6246,2e-08
6247,1e-08
6248,1e-08
6249,2e-08
6250,2e-08
6251,2e-08
6252,1e-08
6253,2e-08
6254,2e-08
6255,2e-08
6256,1e-08
6257,2e-08
6258,2e-08
6259,1e-08
6260,2e-08
6261,2e-08
6262,2e-08
6263,1e-08
6264,2e-08
6265,2e-08
6266,2e-08
6267,2e-08
6268,2e-08
6269,2e-08
6270,2e-08
6271,1e-08
6272,2e-08
6273,2e-08
6274,1e-08
6275,1e-08
6276,1e-08
6277,2e-08
6278,2e-08
6279,1e-08
6280,2e-08
6281,2e-08
6282,2e-08
6283,1e-08
6284,1e-08
6285,2e-08
6286,2e-08
6287,2e-08
6288,1e-08
6289,1e-08
6290,1e-08
6291,2e-08
6292,2e-08
6293,1e-08
6294,3e-08
6295,2e-08
6296,2e-08
6297,3e-08
6298,2e-08
6299,3e-08
6300,2e-08
6301,2e-08
6302,3e-08
6303,1e-08
6304,1e-08
6305,2e-08
6306,1e-08
6307,2e-08
6308,2e-08
6309,2e-08
6310,2e-08
6311,2e-08
6312,1e-08
6313,2e-08
6314,2e-08
6315,1e-08
6316,2e-08
6317,1e-08
6318,1e-08
6319,2e-08
6320,1e-08
6321,2e-08
6322,2e-08
6323,2e-08
6324,1e-08
6325,2e-08
6326,2e-08
6327,1e-08
6328,1e-08
6329,2e-08
6330,1e-08
6331,1e-08
6332,3e-08
6333,2e-08
6334,2e-08
6335,1e-08
6336,2e-08
6337,2e-08
6338,1e-08
6339,2e-08
6340,1e-08
6341,1e-08
6342,1e-08
6343,1e-08
6344,2e-08
6345,2e-08
6346,2e-08
6347,2e-08
6348,3e-08
6349,2e-08
6350,1e-08
6351,2e-08
6352,1e-08
6353,2e-08
6354,1e-08
6355,2e-08
6356,1e-08
6357,2e-08
6358,2e-08
6359,1e-08
6360,1e-08
6361,1e-08
6362,2e-08
6363,1e-08
6364,3e-08
6365,3e-08
6366,2e-08
6367,2e-08
6368,1e-08
6369,3e-08
6370,1e-08
6371,2e-08
6372,2e-08
6373,2e-08
6374,1e-08
6375,2e-08
6376,2e-08
6377,2e-08
6378,2e-08
6379,2e-08
6380,2e-08
6381,2e-08
6382,1e-08
6383,1e-08
6384,1e-08
6385,2e-08
6386,1e-08
6387,2e-08
6388,2e-08
6389,3e-08
6390,2e-08
6391,1e-08
6392,2e-08
6393,3e-08
6394,3e-08
6395,2e-08
6396,2e-08
6397,3e-08
6398,2e-08
6399,2e-08
6400,2e-08
6401,2e-08
6402,2e-08
6403,2e-08
6404,2e-08
6405,2e-08
6406,1e-08
6407,2e-08
6408,1e-08
6409,2e-08
6410,1e-08
6411,2e-08
6412,2e-08
6413,1e-08
6414,2e-08
6415,2e-08
6416,2e-08
6417,1e-08
6418,2e-08
6419,2e-08
6420,1e-08
6421,1e-08
6422,2e-08
6423,2e-08
6424,1e-08
6425,1e-08
6426,2e-08
6427,2e-08
6428,2e-08
6429,1e-08
6430,1e-08
6431,1e-08
6432,2e-08
6433,1e-08
6434,2e-08
6435,1e-07
6436,2e-08
6437,2e-08
6438,2e-08
6439,2e-08
6440,2e-08
6441,2e-08
6442,2e-08
6443,2e-08
6444,3e-08
6445,1e-08
6446,1e-08
6447,2e-08
6448,2e-08
6449,1e-08
6450,2e-08
6451,2e-08
6452,2e-08
6453,2e-08
6454,1e-08
6455,2e-08
6456,1e-08
6457,1e-08
6458,2e-08
6459,2e-08
6460,2e-08
6461,1e-08
6462,2e-08
6463,2e-08
6464,2e-08
6465,1e-08
6466,2e-08
6467,2e-08
6468,1e-08
6469,2e-08
6470,2e-08
6471,2e-08
6472,2e-08
6473,2e-08
6474,1e-08
6475,1e-08
6476,2e-08
6477,2e-08
6478,2e-08
6479,1e-08
6480,2e-08
6481,2e-08
6482,1e-08
6483,2e-08
6484,2e-08
6485,2e-08
6486,2e-08
6487,2e-08
6488,2e-08
6489,1e-08
6490,2e-08
6491,1e-08
6492,1e-08
6493,1e-08
6494,2e-08
6495,2e-08
6496,2e-08
6497,2e-08
6498,2e-08
6499,2e-08
6500,1e-08
6501,2e-08
6502,1e-08
6503,2e-08
6504,2e-08
6505,1e-08
6506,2e-08
6507,1e-08
6508,3e-08
6509,2e-08
6510,1e-08
6511,2e-08
6512,2e-08
6513,2e-08
6514,2e-08
6515,2e-08
6516,1e-08
6517,2e-08
6518,2e-08
6519,1e-08
6520,1e-08
6521,2e-08
6522,2e-08
6523,2e-08
6524,1e-08
6525,2e-08
6526,1e-08
6527,1e-08
6528,1e-08
6529,2e-08
6530,2e-08
6531,2e-08
6532,1e-08
6533,2e-08
6534,2e-08
6535,1e-08
6536,2e-08
6537,1e-08
6538,2e-08
6539,2e-08
6540,2e-08
6541,1e-08
6542,2e-08
6543,2e-08
6544,1e-08
6545,1e-08
6546,2e-08
6547,1e-08
6548,2e-08
6549,2e-08
6550,2e-08
6551,2e-08
6552,1e-08
6553,1e-08
6554,1e-08
6555,2e-08
6556,2e-08
6557,2e-08
6558,1e-08
6559,2e-08
6560,1e-08
6561,2e-08
6562,2e-08
6563,2e-08
6564,1e-08
6565,1e-08
6566,2e-08
6567,1e-08
6568,1e-08
6569,2e-08
6570,2e-08
6571,2e-08
6572,1e-08
6573,2e-08
6574,1e-08
6575,1e-08
6576,2e-08
6577,2e-08
6578,2e-08
6579,2e-08
6580,2e-08
6581,2e-08
6582,1e-08
6583,2e-08
6584,2e-08
6585,2e-08
6586,1e-08
6587,1e-08
6588,2e-08
6589,2e-08
6590,2e-08
6591,2e-08
6592,2e-08
6593,2e-08
6594,2e-08
6595,1e-08
6596,2e-08
6597,2e-08
6598,2e-08
6599,2e-08
6600,2e-08
6601,2e-08
6602,2e-08
6603,2e-08
6604,1e-08
6605,2e-08
6606,9.9e-08
6607,1e-08
6608,2e-08
6609,1e-08
6610,1e-08
6611,2e-08
6612,2e-08
6613,2e-08
6614,2e-08
6615,2e-08
6616,2e-08
6617,2e-08
6618,2e-08
6619,1e-08
6620,2e-08
6621,2e-08
6622,2e-08
6623,2e-08
6624,1e-08
6625,2e-08
6626,2e-08
6627,2e-08
6628,1e-08
6629,2e-08
6630,1e-08
6631,2e-08
6632,1e-08
6633,1e-08
6634,2e-08
6635,1e-08
6636,2e-08
6637,2e-08
6638,2e-08
6639,2e-08
6640,2e-08
6641,2e-08
6642,2e-08
6643,1e-08
6644,1e-08
6645,1e-08
6646,1e-08
6647,1e-08
6648,2e-08
6649,1e-08
6650,2e-08
6651,1e-08
6652,2e-08
6653,3e-08
6654,2e-08
6655,1e-08
6656,2e-08
6657,2e-08
6658,1e-08
6659,2e-08
6660,1e-08
6661,2e-08
6662,2e-08
6663,1e-08
6664,2e-08
6665,2e-08
6666,1e-08
6667,1e-08
6668,2e-08
6669,2e-08
6670,2e-08
6671,2e-08
6672,1e-08
6673,1e-08
6674,2e-08
6675,1e-08
6676,2e-08
6677,2e-08
6678,2e-08
6679,2e-08
6680,1e-08
6681,2e-08
6682,2e-08
6683,1e-08
6684,2e-08
6685,2e-08
6686,2e-08
6687,2e-08
6688,2e-08
6689,1e-08
6690,2e-08
6691,2e-08
6692,1e-08
6693,1e-08
6694,2e-08
6695,1e-08
6696,2e-08
6697,1e-08
6698,1e-08
6699,2e-08
6700,1e-08
6701,1e-08
6702,2e-08
6703,1e-08
6704,1e-08
6705,1e-08
6706,2e-08
6707,1e-08
6708,2e-08
6709,1e-08
6710,1e-08
6711,2e-08
6712,2e-08
6713,2e-08
6714,2e-08
6715,2e-08
6716,2e-08
6717,1e-08
6718,2e-08
6719,1e-08
6720,2e-08
6721,2e-08
6722,2e-08
6723,2e-08
6724,2e-08
6725,2e-08
6726,1e-08
6727,2e-08
6728,2e-08
6729,2e-08
6730,1e-08
6731,1e-08
6732,1e-08
6733,1e-08
6734,1e-08
6735,2e-08
6736,2e-08
6737,1e-08
6738,2e-08
6739,1e-08
6740,2e-08
6741,1e-08
6742,2e-08
6743,2e-08
6744,2e-08
6745,2e-08
6746,1e-08
6747,2e-08
6748,2e-08
6749,2e-08
6750,1e-08
6751,1e-08
6752,2e-08
6753,2e-08
6754,1e-08
6755,2e-08
6756,2e-08
6757,2e-08
6758,2e-08
6759,2e-08
6760,1e-08
6761,1e-08
6762,2e-08
6763,1e-08
6764,1e-08
6765,2e-08
6766,1e-08
6767,2e-08
6768,2e-08
6769,2e-08
6770,2e-08
6771,2e-08
6772,1e-08
6773,1e-08
6774,1e-08
6775,3e-08
6776,2e-08
6777,2e-08
6778,2e-08
6779,2e-08
6780,1e-08
6781,1e-08
6782,1e-08
6783,1e-08
6784,2e-08
6785,2e-08
6786,3e-08
6787,2e-08
6788,2e-08
6789,1e-08
6790,2e-08
6791,2e-08
6792,2e-08
6793,1e-08
6794,2e-08
6795,2e-08
6796,1e-08
6797,2e-08
6798,2e-08
6799,1e-08
6800,1e-08
6801,1e-08
6802,2e-08
6803,3e-08
6804,2e-08
6805,1e-08
6806,2e-08
6807,1e-08
6808,1e-08
6809,2e-08
6810,2e-08
6811,2e-08
6812,2e-08
6813,2e-08
6814,2e-08
6815,2e-08
6816,2e-08
6817,1e-08
6818,2e-08
6819,2e-08
6820,2e-08
6821,2e-08
6822,2e-08
6823,2e-08
6824,2e-08
6825,1e-08
6826,1e-08
6827,2e-08
6828,2e-08
6829,1e-08
6830,1e-08
6831,1e-08
6832,2e-08
6833,2e-08
6834,2e-08
6835,2e-08
6836,1e-08
6837,1e-08
6838,2e-08
6839,1e-08
6840,2e-08
6841,1e-08
6842,2e-08
6843,2e-08
6844,1e-08
6845,1e-08
6846,2e-08
6847,2e-08
6848,1e-08
6849,2e-08
6850,1e-08
6851,2e-08
6852,2e-08
6853,2e-08
6854,2e-08
6855,2e-08
6856,2e-08
6857,2e-08
6858,2e-08
6859,2e-08
6860,1e-08
6861,1e-08
6862,2e-08
6863,2e-08
6864,1e-08
6865,1e-08
6866,2e-08
6867,2e-08
6868,2e-08
6869,2e-08
6870,2e-08
6871,2e-08
6872,1e-08
6873,2e-08
6874,1e-08
6875,1e-08
6876,1e-08
6877,2e-08
6878,1e-08
6879,2e-08
6880,2e-08
6881,2e-08
6882,1e-08
6883,2e-08
6884,2e-08
6885,1e-08
6886,3e-08
6887,1e-08
6888,2e-08
6889,2e-08
6890,1e-08
6891,2e-08
6892,2e-08
6893,2e-08
6894,1e-08
6895,1e-08
6896,2e-08
6897,2e-08
6898,2e-08
6899,2e-08
6900,2e-08
6901,2e-08
6902,2e-08
6903,2e-08
6904,1e-08
6905,2e-08
6906,2e-08
6907,1e-08
6908,2e-08
6909,2e-08
6910,1e-08
6911,2e-08
6912,1e-08
6913,1e-08
6914,1e-08
6915,2e-08
6916,1e-08
6917,2e-08
6918,1e-08
6919,1e-08
6920,1e-08
6921,1e-08
6922,2e-08
6923,2e-08
6924,1e-08
6925,2e-08
6926,2e-08
6927,2e-08
6928,2e-08
6929,2e-08
6930,1e-08
6931,2e-08
6932,2e-08
6933,1e-08
6934,2e-08
6935,2e-08
6936,2e-08
6937,2e-08
6938,2e-08
6939,2e-08
6940,2e-08
6941,3e-08
6942,3e-08
6943,1e-08
6944,1e-08
6945,3e-08
6946,1e-08
6947,1e-08
6948,2e-08
6949,2e-08
6950,2e-08
6951,1e-08
6952,2e-08
6953,3e-08
6954,2e-08
6955,2e-08
6956,2e-08
6957,3e-08
6958,2e-08
6959,2e-08
6960,1e-08
6961,2e-08
6962,2e-08
6963,2e-08
6964,1e-08
6965,1e-08
6966,2e-08
6967,2e-08
6968,2e-08
6969,2e-08
6970,2e-08
6971,2e-08
6972,2e-08
6973,1e-08
6974,2e-08
6975,1e-08
6976,1e-08
6977,2e-08
6978,1e-08
6979,2e-08
6980,1e-08
6981,2e-08
6982,2e-08
6983,1e-08
6984,1e-08
6985,1e-08
6986,1e-08
6987,3e-08
6988,3e-08
6989,3e-08
6990,1e-08
6991,2e-08
6992,3e-08
6993,2e-08
6994,3e-08
6995,2e-08
6996,3e-08
6997,1e-08
6998,3e-08
6999,2e-08
7000,2e-08
7001,2e-08
7002,3e-08
7003,3e-08
7004,2e-08
7005,3e-08
7006,1e-08
7007,2e-08
7008,3e-08
7009,3e-08
7010,3e-08
7011,2e-08
7012,3e-08
7013,1e-08
7014,2e-08
7015,1e-08
7016,1e-08
7017,1e-08
7018,2e-08
7019,1e-08
7020,1e-08
7021,1e-08
7022,1e-08
7023,1e-08
7024,1e-08
7025,2e-08
7026,2e-08
7027,2e-08
7028,2e-08
7029,2e-08
7030,2e-08
7031,2e-08
7032,2e-08
7033,2e-08
7034,2e-08
7035,2e-08
7036,1e-08
7037,2e-08
7038,1e-08
7039,3e-08
7040,3e-08
7041,2e-08
7042,2e-08
7043,1e-08
7044,2e-08
7045,1e-08
7046,1e-08
7047,1e-08
7048,1e-08
7049,2e-08
7050,1e-08
7051,1e-08
7052,2e-08
7053,1e-08
7054,2e-08
7055,1e-08
7056,2e-08
7057,2e-08
7058,2e-08
7059,1e-08
7060,2e-08
7061,1e-08
7062,3e-08
7063,3e-08
7064,2e-08
7065,1e-08
7066,2e-08
7067,1e-08
7068,1e-08
7069,1e-08
7070,2e-08
7071,2e-08
7072,1e-07
7073,2e-08
7074,3e-08
7075,3e-08
7076,3.8e-07
7077,3e-08
7078,1e-08
7079,1.1e-07
7080,1.2e-07
7081,2e-08
7082,1.1e-07
7083,3e-08
7084,1e-07
7085,2e-08
7086,3e-08
7087,3e-08
7088,3e-08
7089,2e-08
7090,3e-08
7091,1e-08
7092,3e-08
7093,1e-08
7094,3e-08
7095,1e-08
7096,2e-08
7097,1e-08
7098,2e-08
7099,1e-08
7100,1e-08
7101,2e-08
7102,2e-08
7103,2e-08
7104,2e-08
7105,1e-08
7106,2e-08
7107,2e-08
7108,2e-08
7109,1e-08
7110,1e-08
7111,1e-08
7112,3e-08
7113,3e-08
7114,2e-08
7115,2e-08
7116,2e-08
7117,2e-08
7118,1e-08
7119,1e-08
7120,2e-08
7121,2e-08
7122,1e-08
7123,1e-08
7124,1e-08
7125,1e-08
7126,1e-08
7127,2e-08
7128,2e-08
7129,2e-08
7130,2e-08
7131,1e-08
7132,2e-08
7133,2e-08
7134,1e-08
7135,2e-08
7136,1e-08
7137,1e-08
7138,1e-08
7139,2e-08
7140,1e-08
7141,1e-08
7142,1e-08
7143,2e-08
7144,1e-08
7145,2e-08
7146,1e-08
7147,1e-08
7148,1e-08
7149,1e-08
7150,2e-08
7151,2e-08
7152,1e-08
7153,1e-08
7154,2e-08
7155,1e-08
7156,2e-08
7157,1e-08
7158,1e-08
7159,2e-08
7160,1e-08
7161,2e-08
7162,2e-08
7163,1e-08
7164,1e-08
7165,1e-08
7166,2e-08
7167,2e-08
7168,1e-08
7169,2e-08
7170,1e-08
7171,2e-08
7172,1e-08
7173,1e-08
7174,2e-08
7175,1e-08
7176,2e-08
7177,2e-08
7178,2e-08
7179,1e-08
7180,1e-08
7181,1e-08
7182,2e-08
7183,2e-08
7184,1e-08
7185,2e-08
7186,1e-08
7187,2e-08
7188,1e-08
7189,3e-08
7190,2e-08
7191,1e-08
7192,2e-08
7193,2e-08
7194,2e-08
7195,2e-08
7196,1e-08
7197,2e-08
7198,1e-08
7199,1e-08
7200,1e-08
7201,2e-08
7202,2e-08
7203,2e-08
7204,2e-08
7205,1e-08
7206,2e-08
7207,2e-08
7208,1e-08
7209,2e-08
7210,1e-08
7211,2e-08
7212,2e-08
7213,1e-08
7214,2e-08
7215,2e-08
7216,2e-08
7217,2e-08
7218,1e-08
7219,2e-08
7220,2e-08
7221,2e-08
7222,1e-08
7223,2e-08
7224,1e-08
7225,1.3e-07
7226,1e-08
7227,1e-08
7228,1e-08
7229,1e-07
7230,2e-08
7231,1.2e-07
7232,2e-08
7233,2e-08
7234,2e-08
7235,1e-08
7236,1e-08
7237,2e-08
7238,2e-08
7239,2e-08
7240,2e-08
7241,2e-08
7242,2e-08
7243,1.1e-07
7244,2e-08
7245,2e-08
7246,1e-08
7247,1e-08
7248,2e-08
7249,2e-08
7250,1e-08
7251,2e-08
7252,2e-08
7253,2e-08
7254,1e-08
7255,2e-08
7256,1e-08
7257,1e-08
7258,2e-08
7259,1e-08
7260,2e-08
7261,2e-08
7262,2e-08
7263,1e-08
7264,2e-08
7265,2e-08
7266,1e-08
7267,1e-08
7268,2e-08
7269,2e-08
7270,2e-08
7271,1e-08
7272,2e-08
7273,1e-08
7274,2e-08
7275,1e-08
7276,2e-08
7277,3e-08
7278,2e-08
7279,1e-08
7280,1e-07
7281,2e-08
7282,1e-07
7283,2e-08
7284,1e-08
7285,2e-08
7286,2e-08
7287,2e-08
7288,2e-08
7289,1e-08
7290,2e-08
7291,1e-08
7292,1e-08
7293,2e-08
7294,2e-08
7295,2e-08
7296,2e-08
7297,2e-08
7298,2e-08
7299,1e-08
7300,2e-08
7301,2e-08
7302,1e-08
7303,2e-08
7304,3e-08
7305,2e-08
7306,2e-08
7307,3e-08
7308,2e-08
7309,2e-08
7310,1e-08
7311,1e-08
7312,1e-08
7313,2e-08
7314,1e-08
7315,2e-08
7316,3e-08
7317,1.7e-07
7318,2e-08
7319,1e-08
7320,2e-08
7321,2e-08
7322,3e-08
7323,1e-08
7324,1e-08
7325,2e-08
7326,2e-08
7327,2e-08
7328,1.9e-07
7329,1e-08
7330,3e-08
7331,3e-08
7332,2e-08
7333,2e-08
7334,2e-08
7335,2e-08
7336,1e-08
7337,2e-08
7338,2e-08
7339,1e-08
7340,2e-08
7341,1e-08
7342,2e-08
7343,1e-08
7344,2e-08
7345,1e-08
7346,2e-08
7347,3e-08
7348,3e-08
7349,1.2e-07
7350,3e-08
7351,2e-08
7352,1e-08
7353,2e-08
7354,1e-08
7355,3e-08
7356,3e-08
7357,2e-08
7358,3e-08
7359,2e-08
7360,4e-08
7361,2e-08
7362,3e-08
7363,2e-08
7364,3e-08
7365,2e-08
7366,3e-08
7367,2e-08
7368,2e-08
7369,1e-08
7370,3e-08
7371,2e-08
7372,3e-08
7373,2e-08
7374,2e-08
7375,1e-08
7376,3e-08
7377,2e-08
7378,1e-07
7379,1e-08
7380,1e-08
7381,2e-08
7382,2e-08
7383,1e-08
7384,1e-08
7385,3e-08
7386,2e-08
7387,3e-08
7388,1e-07
7389,2e-08
7390,2e-08
7391,1e-08
7392,3e-08
7393,1e-08
7394,3e-08
7395,1e-08
7396,1e-08
7397,2e-08
7398,3e-08
7399,3e-08
7400,3e-08
7401,2e-08
7402,2e-08
7403,2e-08
7404,2e-08
7405,1e-08
7406,3e-08
7407,3e-08
7408,3e-08
7409,3e-08
7410,3e-08
7411,2e-08
7412,1e-08
7413,2e-08
7414,1e-08
7415,1e-08
7416,2e-08
7417,2e-08
7418,2e-08
7419,1e-07
7420,2e-08
7421,1e-08
7422,1e-08
7423,2e-08
7424,2e-08
7425,2e-08
7426,2e-08
7427,1e-08
7428,1.9e-08
7429,2e-08
7430,1.3e-07
7431,1e-08
7432,2e-08
7433,1e-08
7434,2e-08
7435,1e-08
7436,2e-08
7437,1e-08
7438,2e-08
7439,2e-08
7440,2e-08
7441,2e-08
7442,2e-08
7443,1e-08
7444,2e-08
7445,2e-08
7446,2e-08
7447,1e-08
7448,2e-08
7449,2e-08
7450,1e-08
7451,1e-08
7452,1e-08
7453,2e-08
7454,2e-08
7455,2e-08
7456,2e-08
7457,1e-08
7458,1e-08
7459,3e-08
7460,1e-08
7461,2e-08
7462,2e-08
7463,3e-08
7464,2e-08
7465,1e-08
7466,1e-08
7467,1e-08
7468,2e-08
7469,1e-08
7470,1e-08
7471,1e-08
7472,2e-08
7473,2e-08
7474,2e-08
7475,2e-08
7476,1e-08
7477,2e-08
7478,2e-08
7479,2e-08
7480,1e-08
7481,1e-08
7482,2e-08
7483,1e-08
7484,2e-08
7485,2e-08
7486,2e-08
7487,1e-08
7488,2e-08
7489,1e-08
7490,2e-08
7491,3e-08
7492,1e-08
7493,3e-08
7494,1e-08
7495,2e-08
7496,2e-08
7497,1e-08
7498,1e-08
7499,1e-08
7500,1e-08
7501,1e-08
7502,2e-08
7503,1e-08
7504,1e-08
7505,1e-08
7506,2e-08
7507,1.2e-07
7508,2e-08
7509,2e-08
7510,2e-08
7511,2e-08
7512,1e-08
7513,1e-08
7514,1e-08
7515,1e-08
7516,2e-08
7517,1e-08
7518,2e-08
7519,1e-08
7520,2e-08
7521,2e-08
7522,2e-08
7523,2e-08
7524,2e-08
7525,2e-08
7526,2e-08
7527,2e-08
7528,1e-08
7529,2e-08
7530,2e-08
7531,2e-08
7532,1e-08
7533,2e-08
7534,1e-08
7535,1e-08
7536,2e-08
7537,2e-08
7538,1e-08
7539,2e-08
7540,2e-08
7541,2e-08
7542,1e-08
7543,1e-08
7544,1e-08
7545,3e-08
7546,1e-08
7547,2e-08
7548,2e-08
7549,1e-08
7550,2e-08
7551,1e-08
7552,1e-08
7553,1e-08
7554,2e-08
7555,1e-08
7556,1e-08
7557,2e-08
7558,2e-08
7559,1e-08
7560,2e-08
7561,1.2e-07
7562,2e-08
7563,2e-08
7564,2e-08
7565,2e-08
7566,1e-08
7567,2e-08
7568,2e-08
7569,1e-07
7570,1e-08
7571,2e-08
7572,2e-08
7573,1e-08
7574,2e-08
7575,1e-08
7576,2e-08
7577,3e-08
7578,2e-08
7579,1e-08
7580,2.3e-07
7581,2e-08
7582,1.1e-07
7583,2e-08
7584,2e-08
7585,1e-08
7586,1.5e-07
7587,2e-08
7588,2e-08
7589,2e-08
7590,2e-08
7591,1e-08
7592,2e-08
7593,2e-08
7594,2e-08
7595,2e-08
7596,4e-08
7597,1e-08
7598,2e-08
7599,1e-08
7600,2e-08
7601,1e-08
7602,1e-08
7603,2e-08
7604,1e-08
7605,2e-08
7606,2e-08
7607,1e-08
7608,2e-08
7609,2e-08
7610,1e-08
7611,1e-08
7612,2e-08
7613,2e-08
7614,1e-08
7615,3e-08
7616,1e-08
7617,2e-08
7618,2e-08
7619,1e-07
7620,1e-08
7621,1e-08
7622,2e-08
7623,1e-08
7624,1e-08
7625,1e-08
7626,1e-08
7627,1e-08
7628,2e-08
7629,1e-08
7630,1e-08
7631,1e-08
7632,2e-08
7633,1e-08
7634,2e-08
7635,2e-08
7636,2e-08
7637,1e-08
7638,2e-08
7639,2e-08
7640,3e-08
7641,1e-08
7642,2e-08
7643,2e-08
7644,3e-08
7645,1e-08
7646,3e-08
7647,2e-08
7648,2e-08
7649,1e-08
7650,1e-08
7651,2e-08
7652,1e-08
7653,2e-08
7654,1e-08
7655,1e-08
7656,1e-08
7657,2e-08
7658,2e-08
7659,1e-08
7660,1e-08
7661,1e-08
7662,2e-08
7663,1e-08
7664,1e-08
7665,1e-08
7666,2e-08
7667,2e-08
7668,2e-08
7669,1e-08
7670,1e-08
7671,1e-08
7672,1e-08
7673,1e-08
7674,1e-08
7675,1e-08
7676,1e-08
7677,2e-08
7678,2e-08
7679,2e-08
7680,1e-08
7681,2e-08
7682,1e-08
7683,1e-08
7684,1e-08
7685,2e-08
7686,2e-08
7687,1e-08
7688,1e-08
7689,2e-08
7690,1e-08
7691,1e-08
7692,2e-08
7693,2e-08
7694,2e-08
7695,1e-08
7696,1e-08
7697,2e-08
7698,1e-08
7699,1e-08
7700,1e-08
7701,2e-08
7702,1e-08
7703,2e-08
7704,2e-08
7705,1e-08
7706,1e-08
7707,2e-08
7708,2e-08
7709,2e-08
7710,2e-08
7711,1e-08
7712,1e-08
7713,1.1e-07
7714,1e-08
7715,1e-08
7716,2e-08
7717,2e-08
7718,2e-08
7719,2e-08
7720,2e-08
7721,3e-08
7722,2e-08
7723,1e-08
7724,2e-08
7725,1e-08
7726,1e-08
7727,2e-08
7728,2e-08
7729,2e-08
7730,1e-08
7731,1e-08
7732,2e-08
7733,1e-08
7734,2e-08
7735,2e-08
7736,2e-08
7737,2e-08
7738,4e-08
7739,3e-08
7740,2e-08
7741,2e-08
7742,2e-08
7743,2e-08
7744,1e-08
7745,2e-08
7746,2e-08
7747,2e-08
7748,1e-08
7749,2e-08
7750,1e-08
7751,1e-08
7752,1e-08
7753,2e-08
7754,1e-08
7755,1e-08
7756,1e-08
7757,2e-08
7758,2e-08
7759,1e-08
7760,1e-08
7761,2e-08
7762,2e-08
7763,2e-08
7764,2e-08
7765,2e-08
7766,2e-08
7767,1e-08
7768,2e-08
7769,2e-08
7770,1e-08
7771,1e-08
7772,1e-08
7773,2e-08
7774,2e-08
7775,2e-08
7776,2e-08
7777,2e-08
7778,2e-08
7779,1e-08
7780,1e-08
7781,3e-08
7782,2e-08
7783,2e-08
7784,2e-08
7785,2e-08
7786,1e-08
7787,1e-08
7788,1e-08
7789,1e-08
7790,1e-08
7791,1e-08
7792,1e-08
7793,2e-08
7794,2e-08
7795,2e-08
7796,1e-08
7797,2e-08
7798,1e-08
7799,1e-08
7800,2e-08
7801,3e-08
7802,1e-08
7803,2e-08
7804,2e-08
7805,1e-08
7806,3e-08
7807,1e-08
7808,1e-08
7809,1e-08
7810,2e-08
7811,2e-08
7812,2e-08
7813,1e-08
7814,1e-08
7815,1e-08
7816,1e-08
7817,1.9e-08
7818,2e-08
7819,1e-08
7820,1e-08
7821,2e-08
7822,1e-08
7823,1e-08
7824,1e-08
7825,1e-08
7826,2e-08
7827,1e-08
7828,2e-08
7829,3e-08
7830,2e-08
7831,2e-08
7832,1e-08
7833,2e-08
7834,1e-08
7835,2e-08
7836,2e-08
7837,1e-08
7838,2e-08
7839,1e-08
7840,2e-08
7841,2e-08
7842,2e-08
7843,1e-08
7844,2e-08
7845,2e-08
7846,1e-08
7847,2e-08
7848,1e-08
7849,1e-08
7850,2e-08
7851,1e-08
7852,1e-08
7853,1e-08
7854,2e-08
7855,2e-08
7856,2e-08
7857,2e-08
7858,2e-08
7859,2e-08
7860,2e-08
7861,1e-08
7862,1e-08
7863,2e-08
7864,2e-08
7865,2e-08
7866,1e-08
7867,2e-08
7868,1e-08
7869,2e-08
7870,2e-08
7871,2e-08
7872,2e-08
7873,1e-08
7874,2e-08
7875,2e-08
7876,1e-08
7877,1e-08
7878,1e-08
7879,2e-08
7880,2e-08
7881,1e-08
7882,2e-08
7883,1e-08
7884,2e-08
7885,2e-08
7886,2e-08
7887,2e-08
7888,1e-08
7889,1e-08
7890,1e-08
7891,2e-08
7892,2e-08
7893,2e-08
7894,2e-08
7895,1e-08
7896,2e-08
7897,2e-08
7898,1e-08
7899,1e-08
7900,1e-08
7901,1e-08
7902,2e-08
7903,1e-08
7904,1e-08
7905,2e-08
7906,2e-08
7907,1e-08
7908,1e-08
7909,2e-08
7910,1e-08
7911,1e-08
7912,2e-08
7913,2e-08
7914,2e-08
7915,2e-08
7916,1e-08
7917,1e-08
7918,2e-08
7919,2e-08
7920,1e-08
7921,2e-08
7922,1e-08
7923,1e-08
7924,1e-08
7925,2e-08
7926,1e-08
7927,1e-08
7928,2e-08
7929,1e-08
7930,1e-08
7931,2e-08
7932,2e-08
7933,1e-08
7934,1e-08
7935,1e-08
7936,1e-08
7937,2e-08
7938,1e-08
7939,2e-08
7940,1e-08
7941,1e-08
7942,2e-08
7943,2e-08
7944,2e-08
7945,2e-08
7946,2e-08
7947,1e-08
7948,2e-08
7949,1e-08
7950,1e-08
7951,1e-08
7952,2e-08
7953,2e-08
7954,1e-08
7955,2e-08
7956,2e-08
7957,1e-08
7958,2e-08
7959,1e-08
7960,2e-08
7961,2e-08
7962,1e-08
7963,1e-08
7964,1e-08
7965,1e-08
7966,1e-08
7967,1e-08
7968,1e-08
7969,1e-08
7970,2e-08
7971,1e-08
7972,3e-08
7973,1e-08
7974,2e-08
7975,2e-08
7976,3e-08
7977,2e-08
7978,2e-08
7979,1e-08
7980,1e-07
7981,2e-08
7982,2e-08
7983,1e-07
7984,2e-08
7985,1e-08
7986,1e-08
7987,2e-08
7988,1e-08
7989,1e-08
7990,2e-08
7991,1e-08
7992,2e-08
7993,2e-08
7994,2e-08
7995,2e-08
7996,2e-08
7997,1e-08
7998,1e-08
7999,2e-08
8000,2e-08
